[
  [0,1,4,0,0,3,0,0,0,0,0,0,0,0,0,0]
  [0,0,0,0,0,0,0,0,0,0,0,0,0,0,0,0]
  [0,0,0,0,0,0,0,0,0,0,0,0,0,0,0,0]
  [0,0,0,0,0,0,0,0,0,0,0,0,0,0,0,0]
  [0,0,0,0,0,0,0,0,0,0,0,0,0,0,0,0]
  [0,0,0,0,0,0,0,0,0,0,0,0,0,0,0,0]
  [0,0,0,0,0,0,0,0,0,0,0,0,0,0,0,0]
  [0,0,0,0,0,0,0,0,0,0,0,0,0,0,0,0]
  [0,0,0,0,0,0,0,0,0,0,0,0,0,0,0,0]
  [0,0,0,0,0,0,0,0,0,0,0,0,0,0,0,0]
  [0,0,0,0,0,0,0,0,0,0,0,0,0,0,0,0]
  [0,0,0,0,0,0,0,0,0,0,0,0,0,0,0,0]
  [0,0,0,0,0,0,0,0,0,0,0,0,0,0,0,0]
  [0,0,0,0,0,0,0,0,0,0,0,0,0,0,0,0]
  [0,0,0,0,0,0,0,0,0,0,0,0,0,0,0,0]
  [3,4,0,4,2,0,2,3,0,0,1,0,0,0,0,0]
]
[
  [0,0,0,0,0,0,0,0,0,0,0,0,0,0,0,10]
  [0,0,0,0,0,0,0,0,0,0,0,0,0,0,0,19]
  [0,0,0,0,0,0,0,0,0,0,0,0,0,0,0,0]
  [3,0,0,0,0,0,0,0,0,0,0,0,0,0,0,0]
  [3,0,0,1,0,0,0,0,0,0,0,0,0,0,0,0]
  [4,0,0,0,0,0,0,0,0,0,0,0,0,0,0,25]
  [2,0,0,0,0,0,0,0,0,0,0,0,1,0,0,22]
  [0,0,0,0,0,0,0,0,0,0,0,0,0,0,0,27]
  [0,0,0,0,0,0,0,0,0,0,0,0,11,0,0,32]
  [0,0,0,0,0,0,0,0,0,0,0,0,0,0,0,27]
  [0,0,0,0,0,0,0,0,0,0,0,0,0,0,0,23]
  [0,0,0,0,0,0,0,0,0,0,0,0,0,0,0,13]
  [0,0,0,0,0,0,0,0,0,0,0,0,0,0,0,15]
  [0,0,0,0,0,0,0,0,0,0,0,0,0,0,0,13]
  [0,0,0,0,0,0,0,0,0,0,0,0,0,0,0,11]
  [6,4,0,6,2,0,2,3,1,3,1,2,3,4,0,19]
]
[
  [0,0,0,0,0,0,0,0,49,0,0,0,0,0,0,0]
  [0,0,0,0,0,0,0,0,0,0,0,0,0,0,0,0]
  [0,0,0,0,0,0,0,0,0,0,0,0,0,0,0,0]
  [3,0,0,0,0,0,0,0,0,0,0,0,0,0,0,0]
  [4,0,0,3,0,0,2,0,0,0,0,0,0,0,0,0]
  [4,0,0,0,0,0,0,1,0,0,0,0,0,0,0,0]
  [2,0,0,0,0,0,0,0,0,0,0,0,0,0,0,0]
  [0,0,0,0,0,0,0,0,0,0,0,0,0,0,0,0]
  [0,0,0,0,0,0,0,0,0,0,0,0,0,0,0,0]
  [1,0,0,0,0,0,0,0,0,0,0,0,0,0,0,0]
  [0,0,0,0,0,0,0,0,0,0,0,0,0,0,0,0]
  [0,0,0,0,0,0,0,0,0,0,0,0,0,0,0,0]
  [0,0,0,0,0,0,0,0,0,0,0,0,0,0,0,0]
  [0,0,0,0,0,0,0,0,0,0,0,0,0,0,0,0]
  [0,0,0,0,0,0,0,0,0,0,0,0,0,0,0,0]
  [7,6,5,8,6,6,6,7,0,0,0,0,0,0,0,0]
]
[
  [0,0,0,0,0,0,0,0,24,0,0,0,0,0,0,11]
  [0,0,0,0,0,0,0,0,0,0,0,0,0,0,0,0]
  [0,0,0,0,0,0,0,0,0,0,0,0,0,0,0,0]
  [1,0,0,0,0,0,0,0,0,0,0,0,0,0,0,0]
  [0,0,0,1,0,0,0,0,0,0,0,0,0,0,0,0]
  [3,0,0,0,0,0,0,0,0,0,0,0,0,0,0,0]
  [0,0,0,0,0,0,0,0,0,0,0,0,0,0,0,9]
  [0,0,0,0,0,0,0,0,0,0,0,0,0,0,0,0]
  [0,0,0,0,0,0,0,0,0,0,0,0,0,12,0,0]
  [0,0,0,0,0,0,0,0,0,2,0,0,0,0,0,0]
  [0,0,0,0,0,0,0,0,0,0,0,0,0,0,0,0]
  [0,0,0,0,0,0,0,0,0,0,0,0,0,0,0,0]
  [0,0,0,0,0,0,0,0,0,0,0,0,0,0,0,0]
  [0,0,0,0,0,0,0,0,0,0,0,0,0,0,0,0]
  [0,0,0,0,0,0,0,0,0,0,0,0,0,0,0,0]
  [6,4,2,6,5,1,5,3,0,2,1,0,0,0,1,0]
]
[
  [0,0,0,0,0,0,0,0,0,0,0,0,0,0,0,0]
  [0,0,0,0,0,0,0,0,0,0,0,0,0,0,0,0]
  [0,0,0,0,0,0,0,0,0,0,0,0,0,0,0,0]
  [1,0,0,0,0,0,0,0,0,0,0,0,0,0,0,0]
  [0,0,0,5,0,0,0,0,0,0,0,0,0,0,0,0]
  [0,0,0,0,0,0,0,0,0,0,0,0,0,0,0,0]
  [0,0,0,0,0,0,0,0,0,0,0,0,0,0,0,2]
  [0,0,0,0,0,0,0,0,0,0,0,0,0,0,0,0]
  [0,0,0,0,0,0,0,0,0,0,0,0,11,5,0,0]
  [0,0,0,0,0,0,0,0,0,0,0,0,24,0,0,0]
  [0,0,0,0,0,0,0,0,0,0,0,0,3,0,0,0]
  [0,0,0,0,0,0,0,0,0,0,0,0,5,0,0,0]
  [0,0,0,0,0,0,0,0,0,0,0,0,12,0,0,0]
  [0,0,0,0,0,0,0,0,0,0,0,0,17,0,0,0]
  [0,0,0,0,0,0,0,0,0,0,0,0,11,0,0,0]
  [3,4,0,6,6,1,5,3,3,3,3,2,20,0,0,3]
]
[
  [0,0,0,0,0,0,0,0,0,0,0,0,0,0,0,0]
  [0,0,0,0,0,0,0,0,0,0,0,0,0,0,0,0]
  [0,0,0,0,0,0,0,0,0,0,0,0,0,0,0,0]
  [1,0,0,0,0,0,0,0,0,0,0,0,0,0,0,0]
  [0,0,0,6,0,0,0,0,0,0,0,0,0,0,0,0]
  [3,0,0,0,0,0,0,0,0,0,0,0,0,0,0,0]
  [2,0,0,0,0,0,0,0,0,0,0,0,0,0,0,0]
  [0,0,0,0,0,0,0,0,0,0,0,0,0,20,0,0]
  [0,0,0,0,0,0,0,0,0,0,0,0,0,20,0,0]
  [0,0,0,0,0,0,0,0,0,0,0,3,0,27,0,5]
  [0,0,0,0,0,0,0,0,0,0,0,0,0,23,0,0]
  [0,0,0,0,0,0,0,0,0,0,0,0,0,21,0,0]
  [0,0,0,0,0,0,0,0,0,0,0,0,0,28,0,3]
  [0,0,0,0,0,0,0,0,0,0,0,0,0,21,0,0]
  [0,0,0,0,0,0,0,0,0,0,0,0,0,13,0,0]
  [6,4,2,6,6,4,6,7,0,0,0,0,0,15,0,0]
]
[
  [0,0,0,0,0,0,0,0,19,0,0,0,0,0,0,0]
  [0,0,0,0,0,0,0,0,0,0,0,0,0,0,0,0]
  [0,0,0,0,0,0,0,0,0,0,0,0,0,0,0,0]
  [1,0,0,0,0,0,0,0,0,0,0,0,0,0,0,0]
  [0,0,0,6,0,0,0,0,0,0,0,0,0,0,0,0]
  [0,0,0,0,0,0,0,0,0,0,0,0,0,0,0,0]
  [0,0,0,0,0,0,0,0,0,0,0,0,8,0,0,0]
  [0,0,0,0,0,0,0,0,0,0,0,0,0,0,0,0]
  [0,0,0,0,0,0,0,0,0,0,0,0,23,0,0,0]
  [0,0,0,0,0,0,0,0,0,0,0,0,9,0,0,0]
  [0,0,0,0,0,0,0,0,0,0,0,0,3,0,0,0]
  [0,0,0,0,0,0,0,0,0,0,0,0,4,0,0,0]
  [0,0,0,0,0,0,0,0,0,0,0,0,12,0,0,0]
  [0,0,0,0,0,0,0,0,0,0,0,0,16,0,0,0]
  [0,0,0,0,0,0,0,0,0,0,0,0,11,0,0,0]
  [4,4,2,6,5,4,6,6,4,3,3,2,20,0,0,3]
]
[
  [0,0,0,0,0,0,0,0,0,0,0,0,0,0,0,15]
  [0,0,0,0,0,0,0,0,0,0,0,0,0,0,0,2]
  [0,0,0,0,0,0,0,0,0,0,0,0,0,0,0,0]
  [1,0,0,0,0,0,0,0,0,0,0,0,0,0,0,0]
  [0,0,0,1,0,0,0,0,0,0,0,0,0,0,0,0]
  [0,0,0,0,0,0,0,0,0,0,0,0,0,10,0,0]
  [0,0,0,0,0,0,0,0,0,0,0,0,1,0,0,0]
  [0,0,0,0,0,0,0,0,0,0,0,0,0,0,0,0]
  [0,0,0,0,0,0,0,0,0,0,0,0,7,0,0,0]
  [0,0,0,0,0,0,0,0,0,0,0,0,0,0,0,0]
  [0,0,0,0,0,0,0,0,0,0,0,0,0,0,0,0]
  [0,0,0,0,0,0,0,0,0,0,0,0,0,0,0,0]
  [0,0,0,0,0,0,0,0,0,0,0,0,0,0,0,0]
  [0,0,0,0,0,0,0,0,0,0,0,0,0,0,0,0]
  [0,0,0,0,0,0,0,0,0,0,0,0,0,0,0,0]
  [4,4,4,4,5,1,6,5,0,2,1,0,0,0,0,0]
]
[
  [0,0,0,0,0,0,0,0,23,0,0,0,0,0,2,2]
  [0,0,0,0,0,0,0,0,0,0,0,0,0,0,0,0]
  [0,0,0,0,0,0,0,0,0,0,0,0,0,0,0,0]
  [1,0,0,0,0,0,0,0,0,0,0,0,0,0,0,0]
  [0,0,0,1,0,0,0,0,0,0,0,0,0,0,0,0]
  [0,0,0,0,0,0,0,0,0,0,0,3,0,0,0,0]
  [0,0,0,0,0,0,0,0,0,0,0,0,0,0,0,9]
  [0,0,0,0,0,0,0,0,0,0,0,0,0,0,0,0]
  [0,0,0,0,0,0,0,0,0,0,0,0,0,12,0,0]
  [0,0,0,0,0,0,0,0,0,0,0,0,6,0,0,0]
  [0,0,0,0,0,0,0,0,0,0,0,0,0,0,0,0]
  [0,0,0,0,0,0,0,0,0,0,0,0,0,0,0,0]
  [0,0,0,0,0,0,0,0,0,0,0,0,0,0,0,0]
  [0,0,0,0,0,0,0,0,0,0,0,0,0,0,0,0]
  [0,0,0,0,0,0,0,0,0,0,0,0,0,0,0,0]
  [7,4,5,7,6,3,5,5,0,2,1,0,0,0,0,0]
]
[
  [0,0,0,0,0,0,0,0,20,0,0,0,0,0,2,3]
  [0,0,0,0,0,0,0,0,0,0,0,0,0,0,0,2]
  [0,0,0,0,0,0,0,0,0,0,0,0,0,0,0,0]
  [1,0,0,0,0,0,0,0,0,0,0,0,0,0,0,0]
  [0,0,0,3,0,0,0,0,0,0,0,0,0,0,0,0]
  [0,0,0,0,0,0,0,0,0,0,0,5,0,0,0,0]
  [0,0,0,0,0,0,0,0,0,0,0,0,0,0,0,9]
  [0,0,0,0,0,0,0,0,0,0,0,0,0,0,0,0]
  [0,0,0,0,0,0,0,0,0,0,0,0,0,12,0,0]
  [0,0,0,0,0,0,0,0,0,0,0,0,6,0,0,0]
  [0,0,0,0,0,0,0,0,0,0,0,0,0,0,0,0]
  [0,0,0,0,0,0,0,0,0,0,0,0,0,0,0,0]
  [0,0,0,0,0,0,0,0,0,0,0,0,0,0,0,0]
  [0,0,0,0,0,0,0,0,0,0,0,0,0,0,0,0]
  [0,0,0,0,0,0,0,0,0,0,0,0,0,0,0,0]
  [6,4,4,7,6,4,6,5,0,0,1,0,0,0,0,0]
]
[
  [0,0,0,0,0,0,0,0,16,0,0,0,0,0,2,2]
  [0,0,0,0,0,0,0,0,0,0,0,0,0,0,0,0]
  [0,0,0,0,0,0,0,0,0,0,0,0,0,0,0,0]
  [1,0,0,0,0,0,0,0,0,0,0,0,0,0,0,0]
  [0,0,0,1,0,0,0,0,0,0,0,0,0,0,0,0]
  [0,0,0,0,0,0,0,0,0,0,0,3,0,0,0,0]
  [0,0,0,0,0,0,0,0,0,0,0,0,1,0,0,0]
  [0,0,0,0,0,0,0,0,0,0,0,0,0,0,0,0]
  [0,0,0,0,0,0,0,0,0,0,0,0,0,0,0,11]
  [0,0,0,0,0,0,0,0,0,3,0,0,0,0,0,0]
  [0,0,0,0,0,0,0,0,0,0,0,0,0,0,0,0]
  [0,0,0,0,0,0,0,0,0,0,0,0,0,0,0,0]
  [0,0,0,0,0,0,0,0,0,0,0,0,0,0,0,0]
  [0,0,0,0,0,0,0,0,0,0,0,0,0,0,0,0]
  [0,0,0,0,0,0,0,0,0,0,0,0,0,0,0,0]
  [6,4,4,7,5,4,6,5,0,0,1,0,0,0,0,0]
]
[
  [0,0,0,0,0,0,0,0,31,0,0,0,0,0,0,3]
  [0,0,0,0,0,0,0,0,0,0,0,0,0,0,0,0]
  [0,0,0,0,0,0,0,0,0,0,0,0,0,0,0,0]
  [1,0,0,0,0,0,0,0,0,0,0,0,0,0,0,0]
  [0,0,0,1,0,0,0,0,0,0,0,0,0,0,0,0]
  [0,0,0,0,0,0,0,0,0,0,0,5,0,0,0,0]
  [0,0,0,0,0,0,0,0,0,0,0,0,0,0,0,9]
  [0,0,0,0,0,0,0,0,0,0,0,0,0,0,0,0]
  [0,0,0,0,0,0,0,0,0,0,0,0,0,0,0,9]
  [0,0,0,0,0,0,0,0,0,2,0,0,0,0,0,0]
  [0,0,0,0,0,0,0,0,0,0,0,0,0,0,0,0]
  [0,0,0,0,0,0,0,0,0,0,0,0,0,0,0,0]
  [0,0,0,0,0,0,0,0,0,0,0,0,0,0,0,0]
  [0,0,0,0,0,0,0,0,0,0,0,0,0,0,0,0]
  [0,0,0,0,0,0,0,0,0,0,0,0,0,0,0,0]
  [6,4,5,7,5,4,6,7,0,0,1,0,0,0,0,0]
]
[
  [0,0,0,0,0,0,0,0,17,0,0,0,0,0,5,3]
  [0,0,0,0,0,0,0,0,0,0,0,0,0,0,0,0]
  [0,0,0,0,0,0,0,0,0,0,0,0,0,0,0,0]
  [1,0,0,0,0,0,0,0,0,0,0,0,0,0,0,0]
  [0,0,0,1,0,0,0,0,0,0,0,0,0,0,0,0]
  [0,0,0,0,0,0,0,0,0,0,0,0,0,0,0,0]
  [0,0,0,0,0,0,0,0,0,0,0,0,0,0,0,9]
  [0,0,0,0,0,0,0,0,0,0,0,0,0,0,0,0]
  [0,0,0,0,0,0,0,0,0,0,0,0,0,12,0,0]
  [0,0,0,0,0,0,0,0,0,2,0,0,0,0,0,0]
  [0,0,0,0,0,0,0,0,0,0,0,0,0,0,0,0]
  [0,0,0,0,0,0,0,0,0,0,0,0,0,0,0,0]
  [0,0,0,0,0,0,0,0,0,0,0,0,0,0,0,0]
  [0,0,0,0,0,0,0,0,0,0,0,0,0,0,0,0]
  [0,0,0,0,0,0,0,0,0,0,0,0,0,0,0,0]
  [6,4,5,7,6,4,6,7,1,2,1,0,0,0,0,0]
]
[
  [0,0,0,0,0,0,0,0,0,0,0,0,0,0,0,0]
  [0,0,0,0,0,0,0,0,0,0,0,0,0,0,0,0]
  [0,0,0,0,0,0,0,0,0,0,0,0,0,0,0,0]
  [1,0,0,0,0,0,0,0,0,0,0,0,0,0,0,0]
  [0,0,0,6,0,0,0,0,0,0,0,0,0,0,0,0]
  [3,0,0,0,0,0,0,0,0,0,0,0,0,0,0,0]
  [2,0,0,0,0,0,0,0,0,0,0,0,0,0,0,0]
  [0,0,0,0,0,0,0,0,0,0,0,0,0,20,0,0]
  [0,0,0,0,0,0,0,0,0,0,0,0,0,20,0,0]
  [0,0,0,0,0,0,0,0,0,0,0,0,0,27,0,2]
  [0,0,0,0,0,0,0,0,0,0,0,0,0,23,0,0]
  [0,0,0,0,0,0,0,0,0,0,0,0,0,21,0,0]
  [0,0,0,0,0,0,0,0,0,0,0,0,0,28,0,3]
  [0,0,0,0,0,0,0,0,0,0,0,0,0,21,0,0]
  [0,0,0,0,0,0,0,0,0,0,0,0,0,13,0,0]
  [7,4,4,8,6,4,6,7,0,0,1,0,0,15,0,0]
]
[
  [0,0,0,0,0,0,0,0,0,0,0,0,0,0,0,0]
  [0,0,0,0,0,0,0,0,0,0,0,0,0,0,0,0]
  [0,0,0,0,0,0,0,0,0,0,0,0,0,0,0,0]
  [1,0,0,0,0,0,0,0,0,0,0,0,0,0,0,0]
  [4,0,0,6,0,0,2,0,0,0,0,0,0,0,0,0]
  [4,0,0,2,0,0,0,2,0,0,0,0,0,0,0,0]
  [0,0,0,0,0,0,0,0,0,0,0,0,0,0,0,0]
  [0,0,0,0,0,0,0,0,0,0,0,0,0,0,0,0]
  [0,0,0,0,0,0,0,0,0,0,0,0,0,0,0,2]
  [1,0,0,0,0,0,1,0,0,0,0,0,0,0,0,0]
  [0,0,0,0,0,0,0,0,0,0,0,0,0,0,0,0]
  [0,0,0,0,0,0,0,0,0,0,0,0,0,0,0,0]
  [0,0,0,0,0,0,0,0,0,0,0,0,0,0,0,0]
  [0,0,0,0,0,0,0,0,0,0,0,0,0,0,0,0]
  [0,0,0,0,0,0,0,0,0,0,0,0,0,0,0,0]
  [7,9,7,9,6,1,8,10,0,0,0,0,0,0,0,0]
]
[
  [0,0,0,0,0,0,0,0,31,0,0,0,0,0,0,3]
  [0,0,0,0,0,0,0,0,0,0,0,0,0,0,0,0]
  [0,0,0,0,0,0,0,0,0,0,0,0,0,0,0,0]
  [1,0,0,0,0,0,0,0,0,0,0,0,0,0,0,0]
  [0,0,0,1,0,0,0,0,0,0,0,0,0,0,0,0]
  [0,0,0,0,0,0,0,0,0,0,0,0,0,10,0,0]
  [0,0,0,0,0,0,0,0,0,0,0,0,1,0,0,0]
  [0,0,0,0,0,0,0,0,0,0,0,0,0,0,0,0]
  [0,0,0,0,0,0,0,0,0,0,0,0,0,0,0,11]
  [0,0,0,0,0,0,0,0,0,3,0,0,0,0,0,0]
  [0,0,0,0,0,0,0,0,0,0,0,0,0,0,0,0]
  [0,0,0,0,0,0,0,0,0,0,0,0,0,0,0,0]
  [0,0,0,0,0,0,0,0,0,0,0,0,0,0,0,0]
  [0,0,0,0,0,0,0,0,0,0,0,0,0,0,0,0]
  [0,0,0,0,0,0,0,0,0,0,0,0,0,0,0,0]
  [6,4,5,8,6,4,6,7,1,3,3,0,0,0,0,0]
]
[
  [0,0,0,0,0,0,0,0,0,0,0,0,0,0,0,15]
  [0,0,0,0,0,0,0,0,0,0,0,0,0,0,0,0]
  [0,0,0,0,0,0,0,0,0,0,0,0,0,0,0,0]
  [1,0,0,0,0,0,0,0,0,0,0,0,0,0,0,0]
  [0,0,0,1,0,0,0,0,0,0,0,0,0,0,0,8]
  [0,0,0,0,0,0,0,0,0,0,0,0,0,0,0,0]
  [0,0,0,0,0,0,0,0,0,0,0,0,0,6,0,0]
  [0,0,0,0,0,0,0,0,0,0,0,0,0,0,0,0]
  [0,0,0,0,0,0,0,0,0,0,0,2,0,0,0,0]
  [0,0,0,0,0,0,0,0,0,0,0,0,0,0,0,0]
  [0,0,0,0,0,0,0,0,0,0,0,0,0,0,0,0]
  [0,0,0,0,0,0,0,0,0,0,0,0,0,0,0,0]
  [0,0,0,0,0,0,0,0,0,0,0,0,0,0,0,0]
  [0,0,0,0,0,0,0,0,0,0,0,0,0,0,0,0]
  [0,0,0,0,0,0,0,0,0,0,0,0,0,0,0,0]
  [7,4,5,8,6,4,6,7,0,3,3,2,0,0,0,0]
]
[
  [0,0,0,0,0,0,0,0,0,0,0,0,13,13,2,3]
  [0,0,0,0,0,0,0,0,0,0,0,0,0,0,0,0]
  [0,0,0,0,0,0,0,0,0,0,0,0,0,0,0,0]
  [6,0,3,0,0,0,0,0,0,0,0,0,0,0,0,0]
  [4,0,0,6,0,0,5,3,0,0,0,0,0,0,0,0]
  [4,3,2,3,0,1,3,3,0,0,0,0,0,0,0,0]
  [5,0,0,0,0,0,1,2,0,0,0,0,0,0,0,0]
  [0,0,0,0,0,0,0,0,0,0,0,0,0,0,0,0]
  [0,0,0,0,0,0,0,0,0,0,0,0,0,0,0,0]
  [0,0,0,0,0,0,3,3,0,0,0,0,0,0,0,0]
  [0,0,0,0,0,0,0,0,0,0,0,0,0,0,0,0]
  [0,0,0,0,0,0,0,0,0,0,0,0,0,0,0,0]
  [0,0,0,0,0,0,0,0,0,0,0,0,0,0,0,0]
  [0,0,0,0,0,0,0,0,0,0,0,0,0,0,0,0]
  [0,0,0,0,0,0,0,0,0,0,0,0,0,0,0,0]
  [7,9,7,11,8,9,8,11,0,0,0,0,0,0,0,0]
]
