.
  11,9,4,0,7,3,6,6,0,0,0,5,0,0,0,0
  8,8,12,11,7,6,5,4,0,0,0,1,0,0,0,0
  7,6,8,8,7,6,7,5,0,0,0,0,0,0,0,0
  1,2,3,1,4,1,1,2,1,0,0,0,0,0,0,0
  1,2,4,14,5,3,5,2,2,0,0,0,0,0,0,0
  3,4,6,6,1,6,4,0,0,0,0,0,0,0,0,0
  3,7,6,5,5,6,4,3,0,0,0,0,0,0,0,0
  3,4,4,3,3,4,6,6,0,0,0,0,0,0,0,0
  7,4,4,6,4,4,5,5,0,0,0,3,0,0,0,0
  1,6,2,3,5,0,3,2,0,0,0,0,0,0,0,0
  8,7,7,9,5,4,4,5,0,0,0,0,0,0,0,0
  6,9,4,8,6,4,2,1,0,0,0,2,0,0,0,0
  4,0,3,2,3,3,1,1,0,0,0,0,0,0,0,0
  0,0,0,4,3,3,1,4,0,0,0,0,7,0,0,0
  2,3,0,1,0,2,0,1,0,0,0,3,0,0,0,0
  3,1,0,0,1,0,4,0,0,0,0,0,0,0,0,0

.
  16,0,6,6,7,3,0,5,0,0,0,12,0,0,0,0
  0,7,12,11,7,0,7,11,0,0,9,0,0,0,0,2
  7,6,8,8,0,6,7,5,0,7,0,0,0,0,13,0
  3,2,4,0,5,1,1,4,17,0,15,0,0,0,0,5
  1,2,4,17,0,3,7,6,0,7,0,0,0,0,16,0
  3,3,6,0,3,7,6,9,9,0,0,0,0,12,0,0
  3,7,0,7,2,3,4,0,0,0,0,0,9,0,0,0
  3,4,4,1,2,3,0,6,0,0,0,12,0,0,0,0
  0,4,4,6,4,0,5,6,0,0,14,0,0,0,0,9
  3,5,2,4,0,3,4,5,0,3,0,0,0,0,0,0
  8,7,7,9,3,4,4,5,0,0,0,0,0,0,0,0
  4,6,4,6,6,3,2,1,0,0,0,0,0,0,0,0
  4,3,3,5,2,4,1,3,0,0,0,0,0,0,0,0
  1,0,0,4,4,4,4,4,0,0,0,0,0,0,0,0
  2,3,0,3,0,2,1,1,0,0,0,0,0,0,0,0
  3,1,2,0,1,0,4,1,1,0,0,0,0,0,0,0

.
  16,12,9,3,0,5,7,7,0,1,0,0,0,0,12,0
  8,7,10,2,10,6,3,9,0,0,0,0,0,12,0,0
  7,6,3,8,7,4,7,0,0,0,0,0,8,0,0,0
  1,0,3,0,5,1,1,4,12,0,0,0,0,17,0,0
  3,2,0,17,5,3,7,0,0,0,0,0,9,0,0,0
  3,0,6,9,3,7,0,6,0,0,0,14,0,0,0,0
  0,5,4,4,0,0,4,6,0,0,15,0,9,0,0,0
  3,0,3,4,2,3,0,6,0,0,0,12,0,0,0,0
  0,4,4,6,4,0,5,6,0,0,12,0,0,0,0,9
  3,5,2,4,0,3,4,4,0,3,0,0,0,0,0,0
  7,6,7,4,3,4,4,5,0,0,0,1,0,0,0,0
  6,4,4,8,6,4,2,1,0,0,0,0,0,0,0,0
  4,1,3,5,3,4,3,3,0,0,0,1,0,0,0,0
  0,2,0,4,4,4,4,4,0,0,0,0,0,0,0,0
  2,3,0,3,0,0,3,1,0,0,0,0,0,0,0,0
  0,1,2,0,3,0,4,0,0,0,0,0,0,0,0,0

.
  16,10,9,3,0,7,8,3,0,0,0,0,0,0,12,0
  7,6,12,0,10,6,5,9,14,0,0,0,0,11,0,0
  7,6,8,8,7,4,5,0,0,0,0,0,0,0,14,0
  1,1,3,0,5,1,1,2,11,0,0,0,0,15,0,0
  3,4,0,17,5,3,5,0,0,0,0,0,9,0,0,0
  3,0,6,9,1,6,0,6,0,0,0,14,0,0,0,0
  0,5,4,4,5,6,4,2,0,0,12,0,0,0,0,8
  3,4,4,3,0,4,5,4,0,7,0,0,0,0,9,0
  7,4,4,0,4,4,5,5,15,0,0,0,0,14,0,0
  1,5,3,4,5,3,4,0,0,0,0,0,7,0,0,0
  7,6,5,9,2,4,2,2,0,0,0,0,0,0,0,2
  6,9,4,8,6,3,2,1,0,0,0,0,0,0,0,2
  3,0,3,5,4,4,1,1,0,0,0,0,0,0,0,0
  0,5,2,5,4,5,4,4,0,0,0,0,0,0,0,0
  2,3,0,1,0,2,1,1,0,0,0,1,0,0,0,0
  3,1,2,0,1,0,4,0,0,0,0,0,0,0,0,0

.
  16,9,6,6,0,5,8,5,0,0,0,0,0,0,12,0
  8,4,9,2,10,8,7,6,15,0,0,0,0,12,0,0
  7,6,3,8,7,6,7,0,0,0,0,0,9,0,0,0
  1,0,3,3,5,1,0,4,0,0,0,18,0,0,0,0
  0,2,4,14,6,0,7,3,0,0,12,0,0,0,0,9
  4,3,6,6,0,7,6,5,0,0,0,0,0,0,13,0
  1,5,4,0,2,6,4,2,9,0,0,0,0,12,0,0
  3,4,0,4,2,4,5,0,0,0,0,0,12,0,0,0
  7,0,4,9,4,4,0,5,0,0,0,15,0,0,0,0
  0,5,0,4,5,4,5,0,0,0,0,0,12,0,0,0
  8,3,5,7,2,1,4,0,0,0,0,0,0,0,0,3
  6,9,4,8,5,3,2,0,0,0,0,0,0,0,0,2
  4,0,3,7,4,4,3,3,0,0,0,0,0,0,0,0
  0,2,0,4,4,5,4,4,0,0,0,0,0,0,0,0
  2,3,0,3,0,2,1,1,0,0,0,0,0,0,0,0
  0,1,0,0,1,0,4,0,0,0,0,0,0,0,0,0

.
  16,10,6,3,0,5,7,2,0,0,0,0,0,0,11,0
  7,4,8,0,7,6,5,4,0,0,12,0,0,0,0,2
  7,6,8,8,0,6,7,5,0,7,0,0,0,0,14,0
  1,1,3,0,5,1,1,2,12,0,0,0,0,17,0,0
  1,2,4,17,6,3,5,0,0,0,0,0,9,0,0,0
  0,2,5,0,3,7,6,5,9,0,0,0,0,12,0,0
  0,5,4,4,0,3,1,0,0,0,0,0,9,0,0,0
  3,0,4,1,2,3,0,4,0,0,0,13,0,0,0,0
  0,4,4,5,4,0,5,5,0,0,0,0,9,0,0,0
  3,0,4,4,5,4,0,3,0,0,0,15,0,0,0,0
  7,6,5,4,3,1,1,0,0,0,0,1,0,0,0,2
  6,6,4,6,5,2,2,0,0,0,0,0,0,0,0,0
  3,0,1,5,4,4,1,0,0,0,0,0,0,0,0,0
  0,5,0,7,4,5,4,4,0,0,0,0,0,0,0,0
  2,3,0,3,0,2,1,2,0,0,0,0,0,0,0,0
  0,1,2,0,3,0,4,0,0,0,0,0,0,0,0,0

.
  16,9,4,6,0,5,8,2,0,1,0,0,0,0,12,0
  7,4,8,0,7,6,4,8,0,0,9,0,0,0,0,2
  7,6,8,8,0,7,6,5,0,7,0,0,0,0,14,0
  1,1,3,0,5,1,1,4,12,0,0,0,0,17,0,0
  3,2,0,17,5,4,6,0,0,0,0,0,9,0,0,0
  3,0,6,6,1,6,0,5,0,0,0,14,0,0,0,0
  0,5,4,4,0,0,4,2,0,0,12,0,0,0,0,8
  3,4,3,3,0,4,7,4,0,6,0,0,0,0,9,0
  7,4,4,0,4,4,5,6,0,0,0,2,0,14,0,0
  3,6,0,4,5,3,5,0,0,0,0,0,14,0,0,0
  7,3,7,7,2,1,2,2,0,0,0,0,0,0,0,0
  4,6,4,6,6,2,2,0,0,0,0,0,0,0,0,0
  4,0,3,5,3,4,1,1,0,0,0,0,0,0,0,0
  1,5,0,4,4,4,4,4,0,0,0,0,0,0,0,0
  2,3,0,3,0,2,1,1,0,0,0,0,0,0,0,0
  3,1,2,1,1,1,4,1,0,0,0,0,0,0,0,0

.
  16,10,6,6,0,5,7,3,0,0,0,0,0,0,12,0
  8,6,12,2,7,8,7,11,0,0,0,0,0,11,0,0
  7,6,8,8,7,4,5,0,0,0,0,0,7,0,0,0
  1,0,4,3,5,1,0,4,0,0,0,18,0,0,0,0
  0,2,4,15,5,0,7,6,0,0,12,0,0,0,0,9
  3,4,3,6,0,7,6,6,0,4,0,0,0,0,11,0
  1,5,4,0,2,6,4,3,11,0,0,0,0,12,0,0
  3,4,0,4,2,4,5,0,0,0,0,0,14,0,0,0
  7,0,4,9,4,4,0,5,0,0,0,0,0,0,0,0
  0,6,0,4,5,0,5,0,0,0,14,0,0,0,0,0
  7,6,7,9,2,4,4,2,0,0,0,0,0,0,0,0
  4,6,4,8,5,2,2,1,0,0,0,0,0,0,0,0
  3,0,3,5,4,4,1,1,0,0,0,0,0,0,0,0
  0,5,0,5,4,5,4,4,0,0,0,0,0,0,0,0
  2,3,0,3,2,2,1,1,0,0,0,0,0,0,0,0
  3,1,2,1,1,0,4,1,0,0,0,0,0,0,0,0

.
  16,9,6,6,0,5,7,2,0,0,0,0,0,0,19,0
  0,6,10,11,7,0,5,9,0,0,12,0,0,0,0,2
  7,5,7,8,0,4,6,5,0,7,0,0,0,0,14,0
  1,2,3,0,5,1,1,4,12,0,0,0,0,17,0,0
  1,0,0,17,2,3,7,10,0,6,0,0,0,0,17,0
  3,3,3,0,1,7,4,5,6,0,0,0,0,12,0,0
  3,5,0,4,0,3,1,0,0,0,0,0,9,0,0,0
  1,0,3,3,2,3,0,6,0,0,0,12,0,0,0,5
  7,6,0,9,4,5,5,0,0,0,0,0,12,0,0,0
  3,0,2,4,5,3,0,4,0,0,0,13,0,0,0,0
  7,6,7,4,2,1,2,2,0,0,0,0,0,0,0,0
  4,4,4,6,5,3,2,1,0,0,0,0,3,0,0,0
  4,0,1,5,4,3,1,1,0,0,0,0,0,0,0,0
  0,4,0,4,4,4,4,4,0,0,0,0,0,0,0,0
  2,3,0,1,2,2,1,1,0,0,0,0,0,0,0,0
  3,1,2,0,1,0,4,1,0,0,0,0,0,0,0,0

.
  16,10,9,6,7,5,0,5,0,0,0,12,0,0,0,0
  0,6,10,10,7,0,7,6,0,0,9,0,0,0,0,2
  7,6,8,8,0,7,7,5,0,7,0,0,0,0,14,0
  1,2,4,0,5,2,1,4,12,0,0,0,0,8,0,0
  1,2,0,17,2,6,7,0,0,0,0,0,9,0,0,0
  3,0,5,6,1,6,0,5,0,0,0,14,0,0,0,0
  0,5,4,4,0,0,4,3,0,0,12,0,0,0,0,8
  3,3,3,0,3,4,0,4,0,0,0,13,0,0,0,0
  0,4,4,6,4,0,6,5,0,0,12,0,0,0,0,9
  3,6,2,4,0,4,5,3,0,3,0,0,0,0,0,0
  7,3,5,4,2,1,2,5,0,0,0,0,0,0,1,0
  8,9,4,7,6,3,2,0,0,0,0,0,0,0,0,0
  1,0,1,2,4,4,1,1,0,0,0,0,0,0,0,0
  0,5,0,5,4,5,4,4,0,0,0,0,0,0,0,0
  2,3,2,3,2,3,1,1,0,0,0,0,0,0,0,0
  3,1,2,0,3,0,4,0,0,0,0,0,0,0,0,0

.
  16,10,6,6,0,6,7,5,0,0,0,0,0,0,12,0
  8,6,10,0,7,6,3,4,14,0,0,0,0,9,0,0
  7,6,3,8,7,6,7,0,0,0,0,0,8,0,0,0
  1,0,3,1,5,1,1,4,11,0,0,0,0,16,0,0
  0,2,4,20,6,3,7,0,0,0,0,0,9,0,0,0
  3,0,6,6,1,7,0,9,0,0,0,14,0,0,0,0
  0,5,4,4,0,0,4,2,0,0,12,0,0,0,8,0
  3,0,3,4,3,4,0,4,0,0,0,12,0,0,0,0
  0,4,4,8,4,0,6,5,0,0,12,0,0,0,0,10
  3,5,3,4,0,3,5,4,0,3,0,0,0,0,0,0
  7,6,7,4,3,1,2,2,0,0,0,0,0,0,0,0
  4,4,4,6,6,3,2,0,0,0,0,0,0,0,0,0
  4,0,1,5,3,4,1,1,0,0,0,0,0,0,0,0
  0,4,2,4,4,5,4,6,0,0,0,0,0,0,0,0
  5,3,0,3,0,3,1,1,0,0,0,0,0,0,0,0
  3,1,2,0,1,0,6,1,0,0,0,0,0,0,0,0

.
  16,9,6,4,0,5,7,6,0,0,0,0,0,0,12,0
  7,4,8,2,10,8,5,9,14,0,0,0,0,11,0,0
  7,6,3,8,7,6,7,0,0,0,0,0,10,0,0,0
  1,2,3,0,5,1,1,4,12,0,0,0,0,17,0,0
  1,2,0,17,6,4,7,0,0,0,0,0,9,0,0,0
  3,0,6,6,1,7,0,8,0,0,0,14,0,0,0,0
  0,5,4,4,0,0,4,2,0,0,12,0,0,0,0,8
  3,4,2,3,0,4,7,4,0,6,0,0,0,0,9,0
  7,4,4,0,4,4,6,5,15,0,0,0,0,13,0,0
  3,6,0,4,5,4,5,0,0,0,0,0,12,0,0,0
  7,3,5,8,3,3,2,0,0,0,0,0,0,0,0,0
  4,6,4,7,5,3,2,1,0,0,0,0,0,0,0,0
  3,0,3,5,4,4,1,1,0,0,0,0,0,0,0,0
  0,2,0,4,4,5,4,4,0,0,0,0,0,0,0,0
  3,3,2,3,0,3,1,1,0,0,0,0,0,0,0,0
  3,1,2,0,1,0,4,0,0,0,0,0,0,0,0,0

.
  16,12,8,3,0,5,7,2,0,0,0,0,0,0,12,0
  7,7,10,0,7,6,3,6,14,0,0,0,0,11,0,0
  7,6,3,10,7,4,7,0,0,0,0,0,10,0,0,0
  1,0,4,3,5,1,0,4,0,0,0,18,0,0,0,0
  0,2,4,15,5,0,7,6,0,0,12,0,0,0,0,9
  3,3,6,6,0,7,4,5,0,3,0,0,0,0,13,0
  0,4,4,0,2,6,4,2,9,0,0,0,0,12,0,0
  3,4,0,4,3,4,7,0,0,0,0,0,6,0,0,0
  7,0,4,9,4,4,0,5,0,0,0,15,0,0,0,0
  0,6,2,4,5,0,5,2,0,0,0,0,0,0,0,0
  7,6,7,9,3,4,4,2,0,0,0,0,0,0,0,0
  4,6,4,6,6,2,2,0,0,0,0,0,0,0,0,0
  4,0,1,4,4,4,1,1,0,0,0,0,0,0,0,0
  0,4,0,5,4,5,4,4,0,0,0,0,0,0,0,0
  2,5,2,3,0,3,3,2,0,0,0,0,0,0,0,0
  3,1,2,0,1,0,6,0,0,0,0,0,0,0,0,0

.
  16,9,4,4,0,5,8,5,0,0,0,0,0,0,12,0
  7,4,10,2,10,8,5,6,14,0,0,0,0,12,0,0
  7,6,10,8,0,6,7,5,0,7,0,0,0,0,14,0
  1,2,3,0,5,1,1,4,12,0,0,0,0,17,0,0
  1,2,0,17,6,6,7,0,0,0,0,0,9,0,0,0
  4,0,6,7,1,6,0,6,0,0,0,15,0,0,0,0
  0,5,4,4,5,0,4,2,0,0,12,0,0,0,0,8
  3,4,4,4,0,4,7,6,0,6,0,0,0,0,10,0
  7,4,4,0,4,4,5,5,13,0,0,0,0,14,5,7
  3,6,4,4,0,4,5,4,0,3,0,0,0,0,0,0
  7,6,7,4,2,1,4,2,0,0,0,0,0,0,0,0
  4,6,4,6,5,2,2,0,0,0,0,0,0,0,0,0
  4,0,1,5,4,4,1,1,0,0,0,0,0,0,0,0
  0,5,0,5,4,5,4,4,0,0,0,0,0,0,0,0
  2,3,2,3,0,2,1,1,0,0,0,0,0,0,0,0
  3,1,2,1,1,1,4,1,0,0,0,0,0,0,0,0

.
  16,10,6,6,0,5,8,2,0,0,0,0,0,0,11,0
  7,7,12,2,8,8,5,8,14,0,0,1,0,10,0,0
  7,6,3,8,7,6,7,0,0,0,0,0,10,0,0,0
  1,0,3,1,2,1,0,4,0,0,0,18,0,0,0,0
  0,2,4,15,6,0,7,5,0,0,0,0,0,0,0,9
  6,2,3,4,0,6,4,5,0,6,0,0,0,0,11,0
  3,5,4,0,2,6,4,2,11,0,0,0,0,12,0,0
  1,3,3,4,2,3,7,0,0,0,0,0,6,0,0,0
  0,4,4,0,4,4,5,5,16,0,0,0,0,13,0,0
  3,5,0,4,5,4,4,0,0,0,0,0,12,0,0,0
  7,4,7,8,3,4,2,2,0,0,0,0,0,0,0,0
  4,6,4,8,6,2,2,1,0,0,0,0,0,0,0,0
  4,1,3,5,2,4,3,3,0,0,0,0,0,0,0,0
  0,5,0,5,4,5,4,4,0,0,0,0,0,0,0,0
  2,3,0,3,0,2,1,1,0,0,0,0,0,0,0,0
  3,1,2,1,1,0,4,1,0,0,0,0,0,0,0,0

.
  16,10,9,0,7,3,0,5,0,0,0,12,0,0,0,0
  0,6,10,7,7,0,5,4,0,0,7,0,0,0,0,0
  7,6,8,8,0,6,7,6,0,7,0,0,0,0,14,0
  1,2,3,0,7,3,1,4,12,0,0,0,0,17,0,0
  3,2,0,17,6,3,7,0,0,0,0,0,9,0,0,0
  3,0,6,6,1,6,0,8,0,0,0,14,0,0,0,0
  0,5,4,4,2,0,4,2,0,0,12,0,0,0,0,8
  3,4,3,3,0,4,0,6,0,0,0,12,0,0,0,0
  0,4,4,9,4,0,6,5,0,0,12,0,0,0,0,9
  3,5,3,4,0,4,5,3,0,3,0,0,0,0,0,0
  7,3,5,4,3,1,2,2,0,0,0,0,0,0,0,0
  4,4,4,6,5,3,2,0,0,0,0,0,0,0,0,0
  4,0,3,5,4,4,1,1,0,0,0,0,0,0,0,0
  0,5,0,4,4,4,4,4,0,0,0,0,0,0,0,0
  2,3,2,3,0,2,1,1,0,0,0,0,0,0,0,0
  3,1,2,1,1,0,6,1,0,0,0,0,0,0,0,0

.
  19,12,9,6,0,5,7,2,0,7,1,0,0,0,9,2
  7,6,8,0,5,6,3,4,11,0,0,1,0,9,0,0
  10,8,10,10,7,6,7,0,0,0,0,0,7,0,0,5
  3,0,5,1,4,1,0,0,0,1,0,18,0,0,0,8
  0,2,4,15,6,0,7,3,0,0,16,4,1,0,0,29
  7,4,5,6,0,7,4,5,0,15,3,4,2,0,10,16
  6,7,4,0,4,6,4,2,5,0,0,0,0,12,0,12
  6,4,4,1,0,4,6,1,0,14,0,0,0,0,9,12
  7,4,4,0,3,4,5,3,12,0,3,6,0,16,0,16
  3,5,2,0,5,4,3,0,0,0,3,3,15,1,0,20
  10,3,5,7,2,1,0,0,0,0,3,3,0,0,0,13
  8,9,4,7,6,2,2,0,0,0,3,0,0,0,0,13
  4,0,3,5,3,4,3,1,0,0,4,0,0,0,0,16
  3,2,0,7,4,4,4,4,0,0,4,0,0,0,0,12
  6,6,5,3,2,3,3,1,0,0,0,0,0,0,0,13
  4,1,2,1,3,0,4,0,0,0,4,0,0,0,0,16

.
  19,12,9,7,0,5,6,2,0,0,0,9,0,0,0,1
  0,6,9,7,5,0,2,4,0,0,9,0,0,0,0,11
  10,6,10,10,0,7,7,5,0,7,0,0,0,0,6,4
  3,4,5,0,5,1,1,2,0,0,1,0,0,10,0,5
  3,4,6,17,0,3,7,6,0,12,1,3,0,0,12,15
  6,4,6,0,3,6,4,5,0,0,1,4,0,14,0,13
  6,7,0,5,0,3,1,0,0,0,0,0,6,0,0,12
  7,0,4,3,2,4,0,4,0,0,0,7,0,0,0,11
  0,4,4,6,4,0,5,3,0,0,15,3,0,0,0,29
  3,5,2,3,0,3,3,0,0,14,3,2,0,0,0,16
  10,3,5,4,2,1,0,0,0,0,1,1,0,0,0,12
  8,9,4,7,5,2,2,0,0,0,1,0,0,0,0,12
  4,1,1,5,2,3,1,0,0,0,3,0,0,0,0,15
  3,5,5,7,4,5,4,4,0,0,3,0,0,0,0,12
  6,6,5,6,2,3,3,1,0,0,0,0,0,0,0,5
  4,1,2,0,1,0,4,0,11,0,0,0,0,0,0,16

.
  20,12,9,4,0,5,6,2,0,6,1,0,0,0,9,3
  8,4,9,0,7,6,2,4,10,0,9,0,0,0,0,13
  13,6,10,8,0,6,5,5,0,9,0,0,0,0,8,5
  5,4,5,0,5,1,1,2,0,0,1,0,0,10,0,7
  6,4,0,17,5,3,6,0,0,0,1,1,9,0,0,15
  7,0,6,1,3,7,4,5,5,0,1,4,2,14,0,16
  3,7,9,7,2,3,1,0,0,0,0,0,9,0,0,12
  7,0,4,4,3,4,0,4,0,0,0,12,0,0,0,12
  0,4,4,5,4,0,5,0,0,0,15,3,0,0,0,29
  6,3,2,3,0,1,3,0,0,12,3,2,0,0,0,16
  11,3,5,5,3,1,0,0,0,0,3,1,0,0,0,12
  8,6,4,6,5,2,2,0,0,0,1,0,0,0,0,12
  4,0,3,5,4,4,3,3,0,0,15,0,0,0,0,15
  3,5,2,7,4,5,4,4,0,0,3,0,0,0,0,11
  6,6,5,3,0,3,3,1,0,0,0,0,0,0,0,4
  4,1,2,0,3,0,4,0,0,0,4,0,0,0,0,16

.
  19,12,9,6,0,5,8,2,0,6,0,0,0,0,9,2
  8,8,10,0,7,6,2,4,11,0,0,1,0,9,0,0
  10,8,3,10,7,6,5,0,0,0,0,0,7,0,6,5
  1,4,4,0,5,1,1,2,0,0,1,0,0,10,0,7
  4,4,0,20,6,6,7,0,0,0,1,4,11,0,0,16
  7,4,6,6,1,6,0,5,0,0,0,16,0,0,0,16
  0,7,4,4,0,0,0,0,0,0,0,0,8,0,0,12
  7,0,4,3,2,1,0,4,0,0,0,12,0,0,0,12
  0,4,4,6,4,0,5,5,0,0,17,5,0,0,0,29
  3,5,2,4,0,3,3,2,0,14,3,2,0,0,0,12
  8,3,5,4,2,1,0,0,0,0,3,3,0,0,0,12
  8,9,4,8,6,2,2,0,0,0,3,0,0,0,0,12
  4,0,3,5,3,4,1,1,0,0,3,0,0,0,0,16
  3,5,2,5,4,4,4,4,0,0,3,0,0,0,0,12
  6,0,5,6,0,5,1,1,0,0,0,0,0,0,0,4
  4,1,3,1,1,0,4,0,0,0,2,0,0,0,0,16

.
  19,10,9,6,0,3,6,0,0,7,3,17,0,0,0,2
  0,4,8,3,3,0,2,0,0,0,12,0,0,0,0,13
  10,6,10,10,0,6,5,5,0,11,0,0,0,0,8,5
  3,2,5,0,5,1,1,1,1,1,1,0,0,10,0,7
  3,4,9,17,5,3,5,0,0,0,3,1,11,0,0,15
  6,0,6,6,1,3,0,5,0,0,0,16,0,0,0,16
  0,7,4,4,0,0,4,2,0,0,14,0,0,0,0,23
  7,4,4,4,0,4,5,3,0,9,0,0,0,0,8,12
  7,4,4,0,4,4,5,1,11,0,3,6,0,14,0,16
  4,6,0,4,4,0,3,0,0,0,3,0,14,0,0,16
  8,3,5,9,2,0,0,0,0,0,3,1,0,0,0,13
  8,6,4,8,6,4,2,0,0,0,1,0,0,0,0,12
  4,3,3,5,4,4,1,1,0,0,3,0,0,0,0,16
  3,5,0,5,4,4,4,4,0,0,4,0,0,0,0,12
  6,6,5,3,0,3,3,1,0,0,0,0,0,0,0,4
  4,1,2,0,3,0,4,0,0,0,5,0,6,0,0,14

.
  19,12,9,6,2,5,7,2,0,7,3,0,0,0,6,2
  8,6,8,0,7,6,0,3,11,0,9,0,0,0,0,13
  10,8,10,10,0,6,7,5,0,11,0,0,0,0,6,5
  6,4,4,0,5,1,1,2,0,0,0,0,0,10,0,8
  6,4,0,17,2,3,5,0,0,0,3,3,11,0,0,16
  7,4,6,6,1,6,0,5,0,0,0,16,0,0,0,16
  6,7,4,4,0,0,4,2,0,0,14,0,0,0,0,23
  7,5,4,3,0,3,5,1,0,12,0,0,0,0,7,11
  8,4,4,0,4,4,5,3,0,9,17,5,0,0,0,29
  6,7,2,4,0,3,4,0,0,14,3,3,0,0,0,16
  8,4,5,4,2,0,2,0,0,0,3,3,0,0,0,13
  8,9,4,8,6,3,2,0,0,0,1,0,0,0,0,12
  4,0,1,5,3,4,1,0,0,0,3,0,0,0,0,16
  3,5,2,5,4,4,3,4,0,0,4,0,0,0,0,12
  5,5,5,3,2,3,3,1,0,0,0,0,0,0,0,4
  4,1,2,1,3,0,4,0,0,0,2,0,0,0,0,16

.
  19,12,9,4,0,5,8,2,0,4,0,0,0,0,6,2
  8,4,8,0,3,5,0,1,8,0,0,0,0,6,0,0
  11,6,10,10,7,4,3,0,0,7,0,0,0,0,6,5
  6,2,5,0,5,1,1,1,0,0,0,0,0,8,0,5
  7,4,0,17,5,3,5,0,0,0,0,0,9,0,0,13
  6,4,3,6,1,3,0,5,0,0,0,14,0,0,0,13
  6,7,0,5,2,3,1,0,0,0,0,0,4,0,0,12
  7,0,4,3,2,3,0,4,0,0,0,10,0,0,0,11
  0,6,4,6,4,0,5,5,0,0,15,3,0,0,0,29
  6,6,2,3,0,3,3,0,0,0,0,13,0,0,0,16
  8,7,7,4,3,0,0,0,0,0,1,1,0,0,0,12
  8,8,4,7,5,2,2,0,0,0,1,0,0,0,0,12
  4,3,3,5,3,3,1,0,0,0,3,0,0,0,0,14
  3,5,2,5,4,4,4,4,0,0,0,0,0,0,0,11
  6,6,5,4,0,3,3,1,0,0,0,0,0,0,0,4
  4,1,2,0,3,0,4,0,0,0,2,0,0,0,0,16

.
  19,12,9,6,0,5,6,2,0,3,0,0,7,0,0,2
  0,1,7,7,2,0,0,4,0,0,9,0,0,0,0,11
  10,6,11,11,0,7,5,5,0,7,0,0,0,0,6,3
  3,4,5,0,5,1,1,2,0,0,0,0,0,8,0,5
  6,4,0,17,6,3,5,5,0,9,0,0,0,0,7,10
  7,4,3,0,3,6,4,5,0,0,0,0,0,12,0,12
  4,7,0,5,2,3,1,0,0,0,0,0,4,0,0,11
  7,0,4,4,3,3,0,4,0,0,0,12,0,11,0,12
  8,4,4,6,4,4,5,0,0,0,0,3,12,0,0,15
  6,0,4,3,5,3,0,0,0,0,0,16,0,0,0,16
  8,3,5,2,3,0,0,0,0,0,1,1,0,0,0,12
  8,9,4,8,6,4,2,0,0,0,0,0,0,0,0,11
  4,0,3,5,4,4,1,0,0,0,3,0,0,0,0,15
  3,5,2,5,4,5,4,4,0,0,3,0,0,0,0,12
  6,6,5,6,2,3,3,1,0,0,0,0,0,0,0,4
  4,1,2,0,3,0,4,0,0,0,0,0,3,0,0,16

.
  20,12,9,6,0,5,6,2,0,3,0,0,0,0,4,2
  8,4,7,0,3,5,0,4,6,0,0,0,0,9,0,0
  13,6,10,12,7,8,6,5,0,7,0,0,0,0,6,3
  3,4,5,0,5,3,1,2,0,0,0,0,0,8,0,5
  6,4,6,17,5,3,5,0,0,0,0,0,1,0,0,10
  7,0,6,6,3,3,0,5,0,0,0,14,0,11,0,10
  6,7,0,5,2,3,3,0,0,0,0,0,0,0,0,11
  7,0,4,3,2,4,0,4,0,0,0,10,0,0,0,9
  0,6,4,6,4,0,5,5,0,0,15,3,0,0,0,29
  7,5,3,3,0,0,0,2,0,0,0,16,0,0,0,16
  10,3,5,4,3,1,0,0,0,0,1,1,0,0,0,12
  8,8,4,8,6,2,2,0,0,0,0,0,0,0,0,12
  4,4,3,5,4,4,3,1,0,0,1,0,0,0,0,13
  3,5,2,5,4,5,0,4,0,0,0,0,0,0,0,12
  6,6,5,6,2,5,3,1,0,0,0,0,0,0,0,4
  4,1,2,0,1,0,4,0,0,0,0,0,0,0,0,16

.
  18,12,9,7,0,5,8,7,0,0,0,8,0,0,0,0
  0,4,8,7,5,0,3,4,0,0,7,0,0,0,0,11
  10,8,10,12,0,8,7,6,0,7,0,0,0,0,5,3
  3,4,5,0,7,1,1,2,0,0,0,0,0,7,0,23
  6,4,6,17,0,3,5,3,0,7,0,0,0,0,7,9
  7,4,6,0,3,6,4,5,0,0,0,0,0,9,0,9
  3,7,9,7,2,3,4,0,0,0,0,0,4,0,0,9
  7,0,4,4,4,3,0,4,0,0,0,10,0,0,0,9
  0,6,4,5,4,0,6,5,0,0,15,0,0,0,0,29
  6,6,4,4,0,3,5,2,0,12,1,0,0,0,0,16
  11,3,5,4,2,1,1,0,0,0,1,1,0,0,0,12
  8,9,4,8,6,2,2,0,0,0,0,0,0,0,0,12
  4,3,3,5,4,4,3,1,0,0,1,0,0,0,0,13
  3,5,2,7,4,5,4,4,0,0,0,0,0,0,0,11
  6,6,5,6,2,5,3,1,0,0,0,0,0,0,0,4
  4,1,2,0,3,0,0,1,0,0,0,0,0,0,0,16

.
  18,12,9,7,0,5,8,2,0,3,0,0,0,0,4,2
  7,6,8,0,7,6,3,4,0,0,0,0,0,6,0,0
  10,8,3,10,7,5,5,0,0,0,0,0,0,0,5,5
  3,4,5,0,5,1,1,1,0,0,0,0,0,8,0,5
  7,4,0,17,6,3,6,0,0,0,0,0,6,0,0,12
  7,0,6,6,3,6,0,5,0,0,0,12,0,0,0,10
  0,5,0,4,4,3,1,0,0,0,0,0,4,0,0,11
  7,0,4,3,2,4,0,4,0,0,0,12,0,0,0,9
  7,6,4,9,4,0,6,5,0,0,15,3,0,0,0,29
  6,7,4,4,0,3,3,0,0,12,15,16,0,0,0,14
  11,6,7,4,3,1,1,0,0,0,3,1,0,0,0,12
  8,8,4,8,3,3,2,0,0,0,0,0,0,0,0,12
  4,3,3,5,4,4,3,1,0,0,3,0,0,0,0,15
  3,5,2,7,4,5,4,4,0,0,0,0,1,0,0,11
  6,7,5,6,2,3,3,1,0,0,0,0,0,0,0,4
  4,1,2,0,1,0,4,0,0,0,0,0,0,0,0,14

.
  19,12,9,6,0,5,8,2,0,6,0,0,0,0,0,2
  0,4,8,3,7,0,3,3,0,0,9,0,0,0,0,13
  10,11,10,12,3,8,8,9,0,9,0,0,0,0,6,5
  6,4,4,0,5,1,1,1,0,0,0,0,0,8,0,5
  3,4,0,17,0,3,7,6,0,11,0,3,0,0,7,13
  6,4,5,0,3,7,4,5,0,0,0,0,0,12,0,13
  6,8,0,7,2,3,4,0,0,0,0,0,5,0,0,9
  7,0,4,4,4,0,0,4,0,0,0,12,0,0,0,11
  0,4,4,6,4,0,8,5,0,0,15,3,0,0,0,29
  6,6,3,4,0,4,5,2,0,14,3,2,0,0,0,19
  10,6,7,4,3,1,2,0,0,0,3,3,0,0,0,16
  8,9,4,6,5,2,2,0,0,0,3,2,0,0,0,12
  4,0,3,5,4,4,1,1,0,0,3,0,0,0,0,16
  3,5,2,5,4,5,4,4,0,0,3,0,0,0,0,12
  6,7,5,6,2,5,3,1,0,0,0,0,0,0,0,5
  4,1,3,0,1,0,4,0,0,0,2,0,6,0,0,16

.
  19,12,9,6,0,3,8,2,0,6,1,0,0,0,4,2
  8,6,9,0,7,6,3,4,11,0,0,0,0,9,0,0
  13,10,3,12,3,7,7,5,0,9,0,0,0,0,6,5
  1,4,4,0,5,1,1,2,0,0,0,0,0,8,0,5
  4,4,0,17,6,3,6,0,0,0,0,0,8,0,0,12
  7,0,6,6,1,7,0,6,0,0,0,12,0,0,0,10
  0,7,4,5,2,0,4,2,0,0,11,0,0,0,0,23
  7,5,4,3,0,4,7,4,0,9,0,0,0,0,4,9
  8,4,4,0,4,4,6,5,10,0,0,6,0,14,0,16
  6,7,0,0,0,3,5,2,0,14,1,3,0,0,0,16
  11,7,7,4,3,4,4,0,0,0,3,3,0,0,0,16
  8,9,4,8,6,3,2,0,0,0,1,0,0,0,0,12
  4,0,3,5,4,4,3,1,0,0,3,0,0,0,0,15
  3,5,2,5,4,5,4,4,0,0,3,0,0,0,0,12
  6,7,5,6,2,3,3,1,0,0,0,0,0,0,0,7
  4,1,2,0,3,0,4,0,0,0,2,0,0,0,0,16

.
  19,12,3,7,7,3,0,2,0,0,0,12,0,0,0,2
  0,4,12,7,7,0,5,4,0,0,9,0,0,0,0,14
  10,8,10,10,0,6,7,5,0,9,0,0,0,0,6,5
  6,2,5,0,5,1,1,1,0,0,0,0,0,0,0,18
  3,4,6,15,0,3,7,3,0,9,0,0,0,0,7,10
  6,4,6,0,3,7,6,5,3,0,0,3,0,12,0,13
  3,7,9,7,2,3,3,0,0,0,0,0,6,0,0,9
  7,0,4,0,4,4,7,4,0,0,0,0,0,9,0,11
  8,6,4,9,4,4,5,0,0,0,0,3,11,0,0,15
  3,0,4,4,5,1,0,2,0,0,1,18,0,0,0,16
  8,6,5,4,3,1,2,0,0,0,3,3,0,0,0,12
  8,9,4,8,6,2,2,0,0,0,3,0,0,0,0,13
  4,0,3,5,4,4,3,1,0,0,3,0,0,0,0,16
  3,5,0,7,4,5,4,4,0,0,3,0,0,0,0,12
  6,6,5,3,2,3,3,1,0,0,0,0,0,0,0,4
  4,1,2,0,3,0,4,0,0,0,2,0,0,0,0,16

.
  19,10,9,6,0,5,8,2,0,7,3,0,0,0,6,3
  11,7,8,0,7,6,3,4,11,0,14,0,0,0,0,13
  13,6,10,8,0,6,7,5,0,12,0,0,0,0,6,5
  6,4,3,0,5,1,1,1,0,0,0,0,0,8,0,5
  6,2,0,17,3,3,7,0,0,0,0,0,9,0,0,13
  7,0,6,6,1,6,0,6,0,0,0,16,0,0,0,13
  0,5,8,4,0,0,4,2,0,0,14,0,0,0,0,23
  7,4,4,4,0,4,7,4,0,12,0,0,0,0,4,11
  8,4,4,0,4,4,5,5,12,0,3,6,0,9,0,20
  3,5,0,3,5,1,3,0,0,0,3,2,15,0,0,17
  8,3,4,7,2,1,2,0,0,0,3,4,0,0,0,16
  8,9,4,7,5,2,2,0,0,0,3,2,0,0,0,13
  4,0,1,5,3,4,1,1,0,0,6,0,0,0,0,15
  3,5,0,5,4,5,4,4,0,0,4,0,0,0,0,12
  6,7,5,3,2,3,3,1,0,0,0,0,0,0,0,7
  4,1,2,0,1,0,4,0,0,0,2,0,0,0,0,16

.
  19,12,9,3,0,3,8,2,0,7,3,0,0,0,5,6
  7,1,8,0,7,6,5,4,11,0,0,1,0,9,0,2
  10,11,5,12,8,7,7,0,0,0,0,0,10,0,6,5
  3,2,5,0,5,1,1,1,0,0,0,0,0,9,0,5
  6,4,0,17,6,3,7,0,0,0,0,1,9,0,0,13
  7,0,6,6,1,7,0,9,0,0,0,16,0,0,0,13
  0,5,4,4,2,3,4,2,0,0,14,0,0,0,0,23
  7,5,4,4,0,4,7,6,0,12,0,0,0,0,4,9
  8,6,4,0,4,5,6,5,2,0,3,6,0,16,0,16
  6,6,3,4,5,1,4,0,0,0,3,3,7,16,0,16
  10,6,5,9,2,0,2,0,0,0,3,3,0,2,0,13
  8,9,4,8,6,2,2,0,0,0,3,0,0,0,0,13
  4,0,3,5,4,4,3,1,0,0,4,0,0,0,0,16
  3,5,0,7,4,5,4,4,0,0,4,0,0,0,0,12
  6,5,5,3,4,3,3,1,0,0,0,0,0,0,0,5
  4,1,2,0,3,0,4,0,0,0,2,0,0,0,0,16

.
  19,12,9,4,0,5,8,2,0,7,3,0,0,0,4,3
  8,6,8,0,7,6,3,4,11,0,0,0,0,9,0,2
  10,8,5,10,8,6,7,0,0,0,0,0,7,0,0,5
  3,0,5,1,5,1,0,2,0,0,0,16,0,0,0,7
  0,3,4,15,6,3,7,0,0,0,0,0,9,0,0,13
  7,0,6,6,3,6,0,6,0,0,0,16,0,0,0,13
  0,7,6,4,2,0,4,2,0,0,12,0,0,0,0,23
  7,5,4,4,0,4,7,6,0,12,0,12,0,0,0,11
  0,6,4,9,4,0,8,5,0,0,17,5,0,0,0,31
  6,7,2,3,0,3,4,2,0,15,4,3,0,0,0,16
  8,3,5,4,2,1,2,0,0,0,3,4,0,0,0,16
  8,9,4,8,5,2,2,0,0,0,3,2,0,0,0,13
  4,0,3,5,4,4,3,1,0,0,3,0,0,0,0,16
  3,4,0,5,4,5,4,4,0,0,1,0,0,0,0,12
  6,5,5,6,2,3,3,1,0,0,0,0,0,0,0,5
  4,1,2,0,1,0,4,0,0,0,5,0,0,0,0,16

.
  20,12,9,6,0,5,8,2,0,7,3,0,0,0,4,6
  8,4,8,0,7,6,5,3,11,0,0,1,0,11,0,2
  13,6,10,10,0,6,7,5,0,12,0,0,0,0,6,5
  6,4,4,0,5,1,1,1,0,0,0,0,0,8,0,5
  6,4,0,17,6,4,7,0,0,0,0,1,9,0,0,13
  7,4,6,7,1,6,0,6,0,0,0,0,0,12,0,13
  3,7,9,7,2,3,3,0,0,0,0,0,4,0,0,12
  7,0,4,4,3,3,0,4,0,0,0,12,0,0,0,12
  0,6,4,9,4,0,9,5,0,0,19,5,0,0,0,32
  3,0,2,4,5,3,0,2,0,0,3,18,0,0,0,16
  11,3,5,4,3,1,4,0,0,0,3,4,0,2,0,16
  8,9,4,8,6,2,2,0,0,0,3,0,0,0,0,13
  4,0,3,5,3,4,1,1,0,0,3,0,0,0,0,16
  3,5,2,4,4,3,4,3,0,0,4,0,0,0,0,12
  6,7,5,3,2,3,3,1,0,0,0,0,0,0,0,8
  4,1,2,0,1,0,4,0,0,0,2,0,0,0,0,16

.
  19,0,0,0,0,3,8,2,0,1,0,0,0,0,12,0
  7,4,8,0,7,6,3,4,0,0,0,0,0,11,0,0
  8,6,3,10,7,4,7,0,0,0,0,0,10,0,0,0
  1,0,4,1,5,1,1,2,8,0,0,0,0,15,0,0
  1,3,0,17,5,3,7,0,0,0,0,0,9,0,0,0
  3,0,3,6,1,6,0,6,0,0,0,14,0,0,0,0
  0,5,4,4,0,0,4,2,0,0,12,0,9,0,0,0
  3,0,4,3,3,4,0,7,0,0,0,12,0,0,0,0
  0,4,4,9,4,0,9,6,0,0,12,0,0,0,0,10
  3,5,0,3,0,4,5,2,0,3,0,0,0,0,0,0
  7,3,7,4,5,4,4,5,0,0,0,1,0,0,0,0
  7,8,4,6,6,3,2,0,0,0,0,0,0,0,0,0
  4,0,3,2,4,4,1,3,0,0,0,0,0,0,0,0
  0,2,0,4,4,4,4,4,0,0,0,0,0,0,0,0
  5,3,2,3,0,2,1,1,0,0,0,0,0,0,0,0
  3,1,2,0,1,0,4,0,0,0,0,0,0,0,0,0

.
  18,12,9,6,0,5,8,2,0,7,1,0,0,0,6,5
  7,1,8,0,7,6,3,1,10,0,0,1,0,9,0,5
  13,6,3,8,7,4,7,0,0,0,0,0,7,0,0,5
  6,4,4,0,5,1,1,1,0,0,1,0,0,10,0,7
  4,3,4,17,6,3,7,0,0,0,0,0,9,0,0,15
  6,0,6,6,1,4,0,5,0,0,0,16,0,0,0,15
  3,5,4,4,0,0,4,2,0,0,0,0,0,0,0,23
  7,4,4,1,0,4,5,1,0,12,0,0,0,0,5,12
  7,4,4,0,4,4,5,5,2,0,3,8,0,17,0,18
  6,3,0,3,5,0,1,0,0,0,4,5,7,0,0,19
  8,3,4,4,3,0,2,0,0,0,3,4,0,2,0,16
  8,9,4,6,5,2,2,0,0,0,3,2,0,0,0,13
  4,0,3,5,4,4,1,1,0,0,6,1,0,0,0,16
  3,4,0,5,4,5,4,4,0,0,4,0,0,0,0,12
  6,6,5,0,2,5,3,1,0,0,0,0,0,0,0,7
  4,1,2,0,1,0,4,0,0,0,5,0,0,0,0,16

.
  18,12,9,7,0,5,8,2,0,7,3,0,0,0,6,6
  10,4,10,0,7,6,5,4,0,0,12,1,0,0,0,14
  10,6,10,11,0,6,7,5,0,12,1,0,0,0,6,5
  6,2,5,0,5,1,1,1,0,0,0,0,0,8,0,5
  6,3,0,17,6,3,7,0,0,0,0,3,3,0,0,13
  7,4,6,0,1,6,6,5,4,0,0,3,0,12,0,13
  6,8,0,7,2,3,1,0,0,0,0,0,9,0,0,12
  7,0,4,4,2,3,0,4,0,0,0,12,0,0,0,12
  0,6,4,6,4,0,6,5,0,0,1,5,14,0,0,16
  3,0,2,3,4,0,0,0,0,0,1,19,0,0,0,19
  8,3,7,4,3,1,2,0,0,0,3,4,0,0,0,16
  8,9,4,8,5,2,2,0,0,0,3,2,0,0,0,13
  4,0,3,5,3,4,0,1,0,0,3,1,0,0,0,16
  3,5,0,5,4,5,4,4,0,0,4,0,0,0,0,12
  6,6,5,6,2,3,3,1,0,0,0,0,0,0,0,7
  4,1,2,0,3,0,4,0,0,0,2,0,0,0,0,16

.
  19,10,9,6,0,5,7,2,0,7,3,0,0,0,6,6
  8,6,12,0,7,5,3,4,11,0,0,1,0,9,0,2
  13,6,5,10,7,4,7,0,0,8,0,0,0,0,6,8
  1,4,4,0,5,1,1,1,0,0,0,0,0,8,0,7
  4,4,0,15,6,6,7,0,0,0,0,1,9,0,0,15
  7,0,6,6,1,3,0,5,0,0,0,16,0,0,0,13
  0,5,0,4,5,3,4,0,0,0,0,0,6,0,0,12
  7,0,4,3,3,3,0,4,0,0,0,12,0,0,0,11
  0,4,4,5,4,0,6,5,0,0,17,6,0,0,0,32
  3,5,2,0,0,3,4,0,0,0,0,18,0,0,0,16
  8,3,4,0,2,1,2,0,0,0,3,4,0,0,0,16
  8,9,4,4,5,2,2,0,0,0,3,2,0,0,0,12
  4,0,3,5,4,4,3,1,0,0,3,1,0,0,0,16
  3,5,0,5,4,5,4,4,0,0,12,0,0,0,0,12
  6,6,5,4,0,3,3,1,0,0,0,0,0,0,0,7
  4,1,2,0,1,0,4,0,0,0,4,0,0,0,0,16

.
  19,10,9,7,0,5,8,2,0,0,0,0,0,0,6,6
  7,8,10,0,8,6,5,4,11,0,1,1,0,9,0,2
  14,10,6,12,8,6,7,0,0,0,1,0,8,0,0,5
  5,0,5,1,4,1,0,1,0,0,0,17,0,0,0,8
  0,4,0,15,6,4,7,0,0,0,0,0,9,0,0,16
  7,4,6,4,1,6,0,5,0,0,0,16,0,0,0,13
  0,7,6,3,4,0,4,2,0,0,15,0,0,0,0,23
  7,5,4,0,0,4,6,4,0,7,0,12,0,0,0,11
  0,4,4,5,4,0,5,3,0,0,17,6,0,0,0,31
  3,5,2,0,0,3,4,2,0,15,3,4,0,0,0,19
  11,6,7,2,3,3,4,0,0,0,3,4,0,0,0,16
  8,9,4,6,5,2,2,0,0,0,1,2,0,0,0,13
  4,0,3,5,4,4,3,0,0,0,3,1,0,0,0,16
  3,5,0,5,4,5,4,4,0,0,4,0,0,0,0,12
  6,6,5,4,0,3,3,1,0,0,0,0,0,0,0,7
  4,1,2,0,3,0,4,0,0,0,2,0,0,0,0,16

.
  19,12,9,7,0,6,7,2,0,6,1,0,0,0,9,3
  8,7,10,0,7,6,0,4,11,0,0,1,0,9,0,2
  10,6,13,12,8,6,6,0,0,0,0,0,7,0,0,5
  6,0,5,1,5,1,0,2,0,0,1,16,0,0,0,5
  0,4,9,14,6,0,6,3,0,0,15,3,0,0,0,24
  7,4,6,4,3,6,0,5,0,0,0,17,0,0,0,13
  0,5,6,4,4,0,4,2,0,0,12,0,0,0,0,23
  7,5,4,0,0,4,5,4,0,9,0,0,0,0,4,12
  7,4,4,0,4,5,5,5,10,0,22,6,0,0,0,29
  6,5,2,0,0,3,4,0,0,15,3,5,0,0,0,19
  11,3,7,4,3,1,0,0,0,0,3,4,0,0,0,16
  8,9,4,7,6,2,2,0,0,0,1,0,0,0,0,12
  4,1,3,5,4,4,1,1,0,7,0,0,0,0,0,15
  1,5,0,4,4,5,4,3,0,0,3,0,0,0,0,12
  6,7,5,3,2,3,3,1,0,0,0,0,0,0,0,4
  4,1,2,0,3,0,4,0,0,0,2,0,0,0,0,16

.
  19,12,9,7,0,7,8,3,0,6,0,0,0,0,4,2
  11,8,10,0,7,6,3,4,8,0,0,0,0,8,0,2
  10,6,13,11,8,6,7,0,0,7,0,0,0,0,6,5
  6,4,4,0,5,1,1,1,0,0,0,0,0,8,0,5
  7,4,0,17,6,3,5,0,0,0,0,0,8,0,0,13
  7,0,6,4,3,6,0,5,0,0,0,14,0,0,0,13
  0,7,0,5,0,3,1,0,0,0,0,0,4,0,0,12
  7,0,4,4,4,3,0,4,0,0,0,12,0,0,0,11
  0,4,4,3,4,0,5,5,0,0,15,3,0,0,0,29
  6,6,3,3,0,4,5,3,0,0,0,16,0,0,0,16
  8,6,7,2,3,3,2,0,0,0,0,3,0,0,0,13
  8,9,4,4,6,2,2,0,0,0,0,0,0,0,0,12
  4,0,3,5,4,4,1,1,0,0,1,0,0,0,0,15
  3,5,2,5,4,5,4,4,0,0,6,0,0,0,0,12
  6,6,5,3,2,3,3,1,0,0,0,0,0,0,0,4
  4,1,2,0,3,0,4,0,0,0,0,0,0,0,0,16

.
  20,12,9,6,0,5,8,2,0,6,0,0,0,0,6,3
  11,8,12,0,10,8,3,4,10,0,0,1,0,6,0,2
  13,6,5,10,8,7,7,0,0,0,0,0,7,0,0,6
  3,0,5,1,5,1,0,2,0,0,0,16,0,0,0,5
  0,3,0,15,6,3,7,0,0,0,0,0,9,0,0,13
  6,0,6,6,3,4,0,5,0,0,0,19,0,0,0,13
  0,5,4,4,0,0,4,2,0,0,12,0,0,0,0,23
  7,4,4,1,0,4,6,3,0,0,0,12,0,0,0,12
  0,6,4,5,4,0,6,3,0,0,17,6,0,0,0,32
  4,6,2,3,0,4,3,0,0,15,3,5,0,0,0,20
  8,6,7,2,2,1,2,0,0,0,3,4,0,0,0,16
  8,8,4,6,6,2,2,0,0,0,1,2,0,0,0,12
  4,0,3,5,4,4,3,1,0,0,3,0,0,0,0,16
  3,5,2,5,4,5,4,4,0,0,3,0,0,0,0,12
  6,6,5,3,2,3,3,1,0,0,0,0,0,0,0,4
  4,1,2,0,3,0,4,0,0,0,0,0,0,0,0,16

.
  19,12,9,7,0,5,8,0,0,6,1,0,0,0,6,2
  10,6,9,0,7,6,3,4,8,0,0,1,0,9,0,2
  10,6,13,10,8,7,7,0,0,0,0,0,7,0,0,5
  6,0,5,1,5,1,0,4,0,0,0,16,0,0,0,5
  0,3,4,14,6,0,7,3,0,0,15,3,0,0,0,24
  7,4,6,6,3,6,0,5,0,0,0,17,0,0,0,13
  0,5,4,4,2,0,4,2,0,0,12,0,0,0,0,23
  7,5,4,4,0,4,7,1,0,15,0,0,0,0,8,12
  7,4,4,0,4,5,8,5,12,0,24,8,0,0,0,33
  4,7,3,3,0,3,3,0,0,17,6,5,0,1,0,20
  10,3,5,4,2,0,1,0,0,0,6,6,0,2,0,16
  8,9,4,6,5,2,2,0,0,0,3,2,0,0,0,12
  4,3,3,5,4,4,3,0,0,7,1,1,0,0,0,15
  3,5,0,5,4,5,4,1,0,0,4,0,0,0,0,12
  6,6,5,3,2,3,1,1,0,0,0,0,0,0,0,7
  4,1,2,0,3,0,4,0,0,0,2,0,0,0,0,16

.
  18,12,9,7,0,5,7,2,0,6,0,0,0,0,6,2
  11,8,10,0,7,6,2,3,8,0,0,1,0,8,0,0
  14,8,5,12,7,6,7,0,0,0,0,0,7,0,0,5
  3,0,5,1,2,1,0,1,0,0,0,14,0,0,0,7
  0,3,4,15,6,0,7,3,0,0,15,0,0,0,0,24
  7,4,6,6,0,6,4,5,0,12,0,3,0,0,9,15
  6,9,9,4,5,0,4,2,0,0,12,0,0,0,0,23
  7,5,4,3,0,4,7,4,0,12,0,0,0,0,7,12
  7,4,4,0,4,5,6,5,12,0,3,8,0,16,0,18
  6,5,0,3,5,3,3,0,0,22,3,3,0,0,0,20
  10,3,7,2,3,1,0,0,0,0,4,4,0,2,0,16
  8,9,4,6,6,2,2,0,0,0,3,2,0,0,0,13
  4,0,3,5,4,4,3,1,0,0,3,1,0,0,0,16
  3,5,0,7,4,5,4,1,0,0,4,0,0,0,0,12
  6,6,5,3,2,3,3,1,0,0,0,0,0,0,0,7
  4,1,2,0,3,0,4,0,0,0,2,0,0,0,0,16

.
  19,12,9,6,0,5,8,2,0,3,1,0,0,0,4,2
  11,8,10,0,7,6,3,4,10,0,0,0,0,6,0,0
  10,8,10,8,8,6,7,0,0,0,0,0,5,0,0,5
  6,0,5,1,5,1,0,2,0,0,0,0,0,8,0,5
  3,3,6,17,5,3,6,0,0,0,0,0,8,0,0,13
  7,0,6,5,1,3,0,5,0,0,0,14,0,0,0,13
  0,5,4,5,0,0,4,2,0,0,12,0,0,0,0,25
  7,0,4,4,3,3,0,4,0,0,0,12,0,0,0,12
  0,4,4,6,4,0,5,4,0,0,16,3,0,0,0,33
  6,6,2,4,0,3,4,0,0,15,3,3,0,0,0,17
  11,3,7,7,3,1,2,0,0,0,1,3,0,2,0,16
  8,9,4,7,5,2,2,0,0,0,1,0,0,0,0,13
  4,0,3,5,3,4,1,1,0,0,3,0,0,0,0,16
  3,5,0,7,4,5,4,4,0,0,3,0,0,0,0,12
  6,6,5,6,2,3,3,1,0,0,0,0,0,0,0,7
  4,1,2,0,1,0,4,0,0,0,2,0,0,0,0,16

.
  18,12,9,6,0,5,8,2,0,3,0,0,0,0,4,2
  11,8,10,7,4,0,3,4,0,0,9,0,0,0,0,13
  13,11,13,12,0,8,8,6,0,9,0,0,0,0,6,5
  3,4,5,0,5,1,1,1,0,0,0,0,0,8,0,5
  3,3,6,17,6,3,7,0,0,0,7,0,0,0,0,13
  7,0,6,6,3,6,0,5,0,0,0,16,0,0,0,13
  0,5,4,4,2,0,4,2,0,0,12,0,0,0,0,23
  7,5,4,4,0,4,7,4,0,9,0,0,0,0,4,12
  7,4,4,0,4,0,6,5,0,0,15,6,0,0,0,31
  6,6,3,3,0,3,4,0,0,14,3,3,0,0,0,19
  8,3,5,4,3,1,4,0,0,0,1,4,0,0,0,15
  8,9,4,7,6,4,2,0,0,0,1,0,0,0,0,13
  4,3,3,5,3,4,3,1,0,0,3,0,0,0,0,16
  3,5,2,7,4,5,4,4,0,0,3,0,0,0,0,12
  6,6,5,4,2,3,3,1,0,0,0,0,0,0,0,7
  4,1,2,0,1,0,4,0,0,0,2,0,0,0,0,16

.
  19,12,9,6,0,6,7,2,0,3,0,0,0,0,4,2
  11,7,12,0,10,8,3,4,0,0,0,1,0,6,0,2
  13,6,5,12,7,6,7,5,0,0,0,0,5,0,0,5
  6,0,5,1,4,1,0,2,0,0,0,13,0,0,0,5
  6,4,4,14,5,0,6,2,0,0,14,1,0,0,0,24
  7,4,6,6,0,7,6,5,0,12,0,1,0,0,8,16
  3,5,9,0,5,6,4,2,0,0,0,0,0,12,0,12
  7,5,0,3,3,3,5,0,0,0,0,0,12,0,0,12
  7,0,4,5,3,4,0,5,0,0,0,19,0,0,0,16
  0,6,2,3,5,0,4,0,0,0,1,3,0,0,0,20
  10,3,7,8,2,1,4,0,0,0,3,3,0,0,0,16
  8,9,4,8,6,3,2,0,0,0,1,2,0,0,0,12
  4,0,3,5,4,4,3,1,0,0,3,0,0,0,0,16
  3,5,2,7,4,5,4,4,0,6,0,0,0,0,0,12
  6,7,5,4,2,3,3,1,0,0,0,0,0,0,0,7
  4,1,2,0,3,0,4,0,0,0,2,0,0,0,0,16

.
  18,0,9,7,11,5,0,2,0,0,0,10,0,0,0,0
  0,8,10,3,7,0,3,3,0,0,7,0,0,0,0,11
  10,8,11,11,3,8,7,6,0,7,0,0,0,0,6,3
  6,4,5,0,5,1,1,1,0,0,0,0,0,8,0,7
  7,3,9,17,6,3,6,0,0,0,0,0,1,0,0,13
  7,0,6,6,6,6,0,6,0,0,0,16,0,0,0,13
  0,5,4,4,0,0,4,2,0,0,12,0,0,0,0,23
  0,0,4,4,4,3,0,4,0,0,0,12,0,0,0,11
  0,6,4,5,4,0,5,5,0,0,15,3,0,0,0,29
  4,6,2,0,0,0,3,0,0,14,3,2,0,0,0,16
  8,3,5,5,3,1,2,0,0,0,1,1,0,0,0,12
  8,9,4,6,6,2,2,0,0,0,1,0,0,0,0,12
  4,1,3,5,4,4,3,1,0,0,3,0,0,0,0,16
  3,5,2,5,4,4,4,4,0,0,3,0,0,0,0,12
  6,6,5,6,0,3,3,1,0,0,0,0,0,0,0,10
  4,1,2,0,1,0,4,0,0,0,2,0,0,0,0,16

.
  20,12,9,7,0,5,8,3,0,3,0,0,0,0,4,2
  0,7,10,7,8,0,3,4,0,0,9,0,0,0,0,11
  13,6,10,10,3,7,7,6,0,7,0,0,0,0,6,4
  6,4,4,0,6,1,1,2,0,0,0,0,0,7,0,5
  7,2,0,17,6,3,7,0,0,7,0,0,0,0,7,10
  7,4,6,0,6,7,6,5,0,0,0,3,0,11,0,13
  7,7,0,4,2,3,1,0,0,0,0,0,0,0,0,12
  7,0,4,0,2,3,0,4,0,0,0,12,0,0,0,11
  0,4,0,6,4,4,5,0,0,0,0,5,12,0,0,15
  3,0,3,3,5,0,0,0,0,0,0,16,0,0,0,16
  10,3,5,2,3,0,0,0,0,0,1,3,0,0,0,16
  8,9,4,8,5,2,2,0,0,0,0,0,0,0,0,12
  4,0,3,5,3,4,3,1,0,0,3,0,0,0,0,15
  3,5,2,5,4,5,4,4,0,0,0,0,0,0,0,12
  6,6,5,3,2,3,3,1,0,0,0,0,0,0,0,4
  4,1,2,0,3,0,4,0,0,0,2,0,0,0,0,16

.
  19,12,9,7,0,7,8,2,0,3,0,0,0,0,4,2
  11,6,8,0,7,8,5,4,6,0,0,0,0,6,0,2
  14,6,5,12,8,7,7,0,0,0,0,0,5,0,0,5
  6,0,5,3,5,1,0,2,0,0,0,13,0,0,0,7
  0,3,4,14,5,0,5,2,0,0,12,0,0,0,0,24
  7,4,6,6,0,7,6,5,0,9,0,0,0,0,6,15
  0,5,4,4,2,0,4,2,0,0,11,0,0,0,0,22
  7,5,4,3,0,4,7,4,0,12,0,0,0,0,4,12
  7,4,4,0,4,4,6,5,0,0,3,6,0,14,0,16
  6,5,0,3,2,0,3,0,0,0,1,2,14,0,0,16
  11,3,7,7,2,1,2,0,0,0,3,3,0,0,0,16
  8,8,4,6,6,2,2,0,0,0,1,0,0,0,0,12
  4,1,3,5,4,4,3,1,0,0,3,0,0,0,0,16
  3,5,2,7,4,5,4,4,0,7,0,0,0,0,0,12
  6,6,5,4,2,3,3,1,0,0,0,0,0,0,0,7
  4,1,2,0,3,0,4,0,0,0,0,0,0,0,0,16

.
  19,12,9,7,0,5,0,2,0,0,0,12,0,0,0,3
  0,8,10,7,10,0,7,4,0,0,9,0,0,0,0,14
  11,6,13,10,0,8,7,5,0,7,0,0,0,0,6,5
  3,4,5,0,7,1,1,2,0,0,0,0,0,0,0,23
  6,3,4,15,0,3,7,5,0,9,0,0,0,0,7,12
  7,4,6,0,6,7,6,5,4,0,0,0,0,12,0,13
  7,8,0,7,2,3,0,0,0,0,0,0,6,0,0,12
  7,0,4,4,4,0,7,3,0,0,0,0,0,13,0,12
  7,4,4,9,4,4,5,0,0,0,1,5,14,0,0,16
  3,0,2,4,5,0,0,2,0,0,1,16,0,0,0,16
  11,3,7,4,3,1,2,0,0,0,3,3,0,0,0,16
  0,9,4,6,5,2,2,0,0,0,0,0,0,0,0,12
  4,3,3,5,4,4,3,1,0,0,3,0,0,0,0,16
  3,2,0,7,4,4,4,4,0,0,3,0,0,0,0,12
  6,6,5,6,0,3,3,1,0,0,0,0,0,0,0,5
  4,1,2,0,1,0,4,0,0,0,4,0,0,0,0,16

.
  18,12,9,7,0,5,8,0,0,6,0,0,0,0,6,3
  11,6,10,11,7,0,5,4,0,0,12,0,0,0,0,14
  10,6,13,10,0,7,7,5,0,9,0,0,0,0,6,5
  5,4,5,0,7,1,1,2,0,0,1,0,0,8,0,7
  6,4,0,17,6,3,6,0,0,0,0,12,0,0,7,13
  7,4,6,0,6,7,6,5,0,0,0,4,0,13,0,13
  7,7,0,5,0,3,1,0,0,0,0,0,4,0,0,12
  7,0,5,3,4,3,0,4,0,0,0,13,0,0,0,12
  0,6,4,5,4,0,6,3,0,0,15,6,0,0,0,33
  6,5,2,0,0,0,3,0,0,14,3,3,0,0,0,16
  11,3,5,4,3,1,1,0,0,0,3,4,0,2,0,16
  8,9,4,6,5,2,2,0,0,0,1,3,0,0,0,13
  4,0,3,5,4,4,3,0,0,0,3,1,0,0,0,16
  3,2,0,5,4,5,4,4,0,0,4,0,0,0,0,12
  6,5,5,3,0,3,3,1,0,0,0,0,0,0,0,9
  4,1,2,0,1,0,1,0,0,0,4,0,0,0,0,16

.
  18,10,9,6,0,5,8,0,0,6,1,0,0,0,5,3
  8,7,8,0,7,7,5,4,11,0,0,1,0,9,0,11
  13,6,10,8,0,7,7,5,0,9,0,0,0,0,6,5
  6,4,5,0,5,1,3,2,0,0,0,0,0,8,0,7
  6,3,0,15,5,1,7,0,0,0,0,4,1,0,0,13
  7,0,6,6,3,7,0,0,0,0,0,4,0,12,0,15
  7,7,0,4,2,3,4,0,0,0,0,0,0,0,0,12
  7,0,4,3,3,3,0,1,0,0,0,15,0,0,0,12
  0,4,4,5,4,0,6,5,0,0,17,8,0,0,0,33
  7,6,2,3,0,3,4,0,0,14,1,3,0,0,0,16
  8,3,5,1,3,0,0,0,0,0,3,4,0,0,0,13
  8,9,4,4,5,2,2,0,0,0,3,2,0,0,0,13
  4,0,3,5,4,4,3,0,0,0,3,1,0,0,0,16
  0,5,0,5,4,5,4,4,0,0,3,0,0,0,0,12
  6,6,5,3,0,3,3,1,0,0,0,0,0,0,0,7
  4,1,2,0,1,0,4,0,0,0,2,0,0,0,0,16

.
  20,12,8,4,7,3,0,2,0,0,0,12,0,0,0,2
  0,8,10,5,7,0,5,4,0,0,12,0,0,0,0,14
  13,6,10,8,0,8,7,5,0,9,0,0,0,0,6,5
  6,4,4,0,5,1,1,2,0,1,24,0,0,0,0,23
  6,3,4,14,0,3,6,2,0,12,1,3,0,0,7,13
  7,4,6,0,3,7,6,5,5,0,0,4,0,12,0,15
  7,5,0,4,2,3,4,0,0,0,0,0,6,0,0,12
  7,0,0,0,4,0,6,1,3,0,0,0,0,10,0,14
  10,6,0,9,4,4,5,0,0,0,3,6,14,0,0,16
  6,0,3,3,5,3,0,0,0,0,0,19,0,0,0,19
  8,6,7,0,3,1,2,0,0,0,3,6,0,0,0,16
  8,6,4,4,6,2,2,0,0,0,1,3,0,0,0,13
  4,0,3,5,4,4,3,1,0,0,3,0,0,0,0,16
  3,2,0,4,4,4,4,4,0,0,4,0,0,0,0,12
  6,6,5,3,2,3,3,1,0,0,0,0,0,0,0,7
  4,1,2,0,1,0,4,0,0,0,5,0,0,0,0,16

.
  18,12,9,6,0,5,8,2,0,6,1,0,0,0,0,2
  0,7,12,10,7,0,7,4,0,0,12,0,0,0,0,14
  13,8,10,8,0,6,7,5,0,12,0,0,0,0,6,5
  6,5,5,0,5,1,1,2,0,0,0,0,0,10,0,8
  6,3,0,14,3,3,0,3,0,12,1,3,0,0,7,13
  7,4,6,0,6,6,4,5,3,0,0,4,0,12,0,13
  6,8,0,4,2,3,4,0,0,0,0,0,6,0,0,12
  7,0,3,3,3,3,0,4,0,0,0,15,0,0,0,12
  0,8,4,5,4,0,6,5,0,0,19,7,0,0,0,33
  6,7,3,3,0,3,3,0,0,15,3,3,0,0,0,19
  11,6,7,1,2,1,2,0,0,0,3,4,0,0,0,16
  8,9,4,4,2,0,2,0,0,0,1,3,3,0,0,12
  4,0,3,2,4,4,3,0,0,0,4,1,0,0,0,16
  3,2,0,5,4,5,4,4,0,0,4,0,0,0,0,12
  6,6,5,3,2,3,3,1,0,0,0,0,0,0,0,7
  4,1,2,0,1,0,1,0,0,0,2,0,0,0,6,12

.
  18,12,9,3,0,3,7,2,0,7,3,0,0,0,4,6
  10,7,8,0,7,6,3,1,11,0,12,1,0,0,0,13
  11,8,10,10,0,6,7,5,0,9,0,0,0,0,6,5
  6,4,5,0,5,1,1,1,0,0,0,0,0,10,0,8
  6,2,0,14,5,3,5,0,0,0,0,3,9,0,0,13
  7,0,6,0,5,6,6,5,5,0,0,4,0,12,0,15
  6,7,0,4,2,3,4,0,0,0,0,0,0,0,0,12
  7,0,4,0,4,3,0,4,0,0,0,12,0,0,0,12
  0,4,4,5,4,0,9,5,0,0,19,8,0,3,0,33
  6,7,2,0,0,3,4,0,0,15,3,5,0,0,0,20
  10,6,7,2,2,1,2,0,0,0,3,4,0,0,0,16
  8,9,4,8,6,3,2,0,0,0,3,3,0,0,0,13
  4,0,3,5,4,4,3,1,0,0,17,0,0,0,0,16
  3,5,0,5,4,5,4,4,0,0,4,0,0,0,0,12
  6,6,5,3,2,5,3,1,0,0,0,0,0,0,0,7
  4,1,2,0,1,0,4,0,0,0,4,0,0,0,0,16

.
  18,10,9,6,0,5,8,2,0,6,0,0,0,0,4,3
  11,6,8,0,7,6,3,0,8,0,0,0,0,9,0,2
  13,8,5,11,8,6,7,0,0,0,0,0,5,0,0,5
  5,0,5,5,5,1,0,2,0,0,0,16,0,0,0,8
  0,2,4,14,5,0,7,2,0,0,14,3,0,0,0,24
  7,4,6,6,0,6,6,5,0,12,0,3,0,0,6,15
  0,5,4,4,2,0,4,2,0,0,13,0,0,0,0,23
  7,4,4,3,0,4,7,4,0,12,0,0,0,0,7,12
  8,4,4,0,4,5,9,5,12,0,3,10,0,16,0,18
  6,6,0,1,2,0,1,0,0,0,3,4,9,0,0,20
  11,6,5,7,2,1,4,0,0,0,3,4,0,0,0,16
  8,9,4,8,6,4,3,0,0,0,3,2,0,0,0,13
  4,0,3,5,4,4,3,1,0,0,4,0,0,0,0,16
  3,5,0,7,4,5,6,4,0,7,1,0,0,0,0,12
  6,6,5,3,2,3,3,1,0,0,0,0,0,0,0,7
  4,1,2,0,1,0,4,0,0,0,4,0,0,0,0,16

.
  18,0,9,6,7,7,0,2,0,0,0,12,0,0,0,2
  8,4,8,3,7,0,3,3,0,0,9,0,0,0,0,13
  10,6,10,8,0,8,5,4,0,7,0,0,0,0,6,5
  6,4,5,0,7,3,1,1,0,0,15,0,0,0,0,23
  6,2,4,14,0,3,6,2,0,12,0,0,0,0,7,13
  7,4,6,0,6,7,6,5,0,0,0,4,0,12,0,13
  6,7,9,4,2,4,4,0,0,0,0,0,4,0,0,12
  7,5,4,0,4,3,7,1,0,0,0,2,0,11,0,12
  10,4,0,9,4,4,6,0,0,0,1,6,15,0,0,16
  3,0,0,3,5,0,0,0,0,0,3,18,0,0,0,19
  11,7,7,4,5,4,4,0,0,0,3,4,0,0,0,16
  9,9,4,6,6,3,2,0,0,0,1,2,0,0,0,13
  6,0,3,5,4,4,1,0,0,0,3,0,0,0,0,16
  3,5,2,5,4,5,4,4,0,0,3,0,0,0,0,12
  6,6,5,4,0,3,3,1,0,0,0,0,0,3,0,4
  4,1,2,0,0,0,4,0,0,0,2,0,0,0,0,16

.
  19,12,9,6,0,7,8,3,0,6,0,0,0,0,4,3
  11,7,10,7,7,7,3,4,0,0,0,1,0,6,0,2
  13,6,5,12,7,6,7,0,0,0,0,0,0,0,0,5
  6,0,5,3,5,1,0,4,0,0,0,16,0,0,0,5
  0,3,4,14,2,0,7,3,0,0,14,3,0,0,0,24
  7,4,6,6,0,7,6,6,0,12,0,4,0,0,8,13
  6,5,8,0,5,3,4,2,0,0,0,4,0,12,0,9
  7,5,0,3,4,3,7,0,0,0,0,0,15,0,0,14
  8,0,4,5,4,4,6,5,0,0,3,7,0,16,0,16
  6,5,0,1,5,0,4,0,0,0,3,3,7,0,0,20
  8,6,5,7,2,0,2,0,0,0,3,4,0,0,0,16
  8,6,4,6,5,0,2,0,0,0,1,2,0,0,0,13
  4,0,3,5,4,4,3,1,0,0,3,0,0,0,0,16
  3,5,0,7,4,5,6,4,0,0,3,0,0,0,0,12
  5,6,5,3,0,3,3,1,0,0,0,0,0,0,0,7
  4,1,2,0,1,0,4,0,0,0,2,0,0,0,0,16

.
  20,12,6,6,0,5,6,2,0,7,3,0,0,0,4,3
  8,6,12,0,7,6,3,4,0,0,0,1,0,9,0,2
  13,8,5,12,8,7,7,0,0,0,0,0,0,0,6,5
  6,4,5,0,5,1,1,2,0,0,0,0,0,8,0,7
  6,2,0,15,5,3,5,0,0,0,0,0,9,0,0,13
  7,0,6,6,1,3,0,5,0,0,0,16,0,0,0,15
  6,7,9,4,5,3,4,0,0,0,0,0,9,0,0,12
  7,0,5,0,3,3,0,4,0,0,0,13,0,0,0,14
  7,4,4,5,4,0,8,5,0,0,19,8,0,0,0,33
  6,5,2,0,0,0,3,0,0,15,3,7,0,1,0,20
  11,3,5,4,3,1,4,0,0,0,3,4,0,0,0,16
  8,9,4,6,5,2,2,0,0,0,3,3,0,0,0,15
  4,0,3,4,3,4,3,1,0,0,6,1,0,0,0,16
  3,2,0,5,4,5,4,4,0,0,4,0,0,0,0,12
  6,5,5,3,0,3,1,1,0,0,0,0,0,0,0,5
  4,1,2,0,0,0,4,0,0,0,5,0,0,0,0,16

.
  19,12,9,6,0,6,6,2,0,7,1,0,4,0,0,2
  0,6,10,10,7,0,3,4,0,0,9,0,0,0,0,13
  11,6,10,8,0,6,5,5,0,11,1,0,0,0,6,5
  6,4,5,0,5,1,1,1,0,0,0,0,0,8,0,7
  6,3,0,17,5,3,7,2,0,12,0,3,0,0,7,13
  7,4,6,0,3,7,4,5,4,0,0,4,0,13,0,13
  6,8,0,7,2,3,1,0,0,0,0,0,9,0,0,12
  7,0,4,4,4,3,0,4,0,0,0,12,0,13,0,12
  8,6,0,9,4,4,6,0,0,0,3,7,15,0,0,20
  6,0,2,0,0,1,0,0,0,0,3,19,0,0,0,20
  11,6,7,4,2,1,2,0,0,0,3,6,0,2,0,16
  8,9,4,6,5,2,2,0,0,0,3,2,0,0,0,16
  4,0,3,5,3,4,1,0,0,0,6,1,0,0,0,16
  3,4,0,5,4,5,4,4,0,0,4,0,0,0,0,12
  6,5,5,3,0,3,1,1,0,0,0,0,0,0,0,5
  4,1,2,0,1,0,4,0,0,0,5,0,6,0,0,14

.
  18,12,9,6,0,6,8,2,0,7,3,0,0,0,4,3
  11,6,10,0,7,7,5,4,11,0,0,0,0,0,0,13
  10,6,10,10,3,7,7,5,0,9,0,0,0,0,6,5
  6,4,5,0,5,1,1,2,0,0,0,0,0,8,0,7
  3,3,0,17,5,3,7,0,0,0,1,3,3,0,0,13
  7,0,6,3,1,6,4,5,0,0,1,3,0,16,0,15
  7,7,0,7,0,3,4,0,0,0,0,0,9,0,0,14
  7,0,4,4,3,3,0,4,0,0,0,13,0,0,0,14
  0,6,4,9,4,0,9,5,0,0,20,19,14,0,0,18
  3,0,3,3,5,0,0,2,0,0,6,19,0,3,0,20
  8,3,5,4,3,1,4,0,0,0,3,6,0,2,0,16
  8,9,4,6,5,0,2,0,0,0,3,3,0,0,0,13
  4,1,3,5,4,4,3,0,0,0,6,1,0,0,0,16
  1,2,0,4,4,4,4,1,0,0,4,0,0,0,0,12
  6,6,5,3,0,3,3,1,0,0,0,0,0,0,0,7
  4,1,2,0,0,0,3,0,0,0,5,0,0,0,0,16

.
  19,12,9,6,0,6,8,2,0,7,3,0,0,0,6,3
  10,7,10,2,7,6,3,4,11,0,0,0,0,9,0,2
  10,6,10,12,7,6,5,0,0,0,0,0,0,0,0,5
  6,0,5,3,5,1,0,1,0,0,0,16,0,0,0,7
  0,3,4,15,3,0,6,2,0,0,15,1,1,0,0,24
  7,4,6,9,0,7,6,5,0,14,0,3,2,0,9,16
  3,5,0,7,1,0,4,2,0,0,15,0,0,0,0,23
  7,4,4,4,0,4,7,4,0,15,0,0,0,0,9,12
  7,4,4,0,4,5,6,5,13,0,6,8,0,21,0,20
  3,3,2,3,2,0,1,0,0,0,7,4,0,1,0,20
  7,3,5,4,2,0,0,0,0,0,6,6,0,5,0,18
  8,9,4,6,3,0,2,0,0,0,6,3,0,0,0,16
  4,3,3,5,3,4,3,0,0,0,7,1,0,0,0,16
  3,2,0,5,4,5,4,4,0,0,4,0,0,0,0,12
  5,3,2,3,0,2,1,0,0,0,0,0,0,0,0,7
  4,1,2,0,0,0,4,0,0,0,5,0,0,0,0,17

.
  18,0,9,6,8,3,0,2,0,0,1,12,0,0,0,3
  0,8,8,16,3,0,3,4,0,0,12,0,0,0,0,13
  10,6,10,12,0,6,6,5,0,12,0,0,0,0,7,6
  3,4,5,0,5,1,1,1,6,0,17,0,0,0,0,24
  3,2,4,18,0,3,5,3,0,14,0,0,1,0,12,15
  7,4,6,0,3,7,4,5,5,0,1,3,2,16,0,16
  3,7,9,7,0,3,1,0,0,0,0,0,9,0,0,14
  7,4,4,4,4,3,0,6,0,0,0,16,0,0,0,13
  0,6,4,9,4,0,6,5,0,0,22,8,0,4,0,34
  3,5,2,3,0,3,1,0,0,17,3,5,0,3,0,20
  10,3,5,4,2,0,1,0,0,0,3,4,0,2,0,16
  8,6,4,6,3,0,2,0,0,0,3,2,0,0,0,16
  4,3,3,5,3,4,1,0,0,0,6,1,0,0,0,17
  3,2,0,5,3,4,4,4,0,0,4,0,0,0,0,13
  5,6,5,3,0,3,3,1,0,0,0,0,0,0,1,4
  4,1,2,0,0,0,4,0,0,0,5,0,1,0,0,16

.
  20,12,9,6,0,5,6,0,0,0,1,10,0,0,0,3
  0,8,8,18,3,0,3,4,0,0,12,0,0,0,0,14
  13,8,10,13,0,8,7,5,0,12,0,0,0,0,8,5
  6,4,4,0,5,1,1,2,1,3,3,0,0,12,0,8
  3,3,6,20,0,3,6,2,0,15,1,3,1,0,12,15
  7,4,6,0,3,7,4,5,5,0,1,4,2,16,0,16
  6,7,0,7,2,3,4,0,0,0,0,0,11,0,0,15
  7,0,4,4,3,3,0,4,9,0,0,3,0,18,0,14
  7,4,4,9,4,4,5,0,0,0,3,6,16,3,0,20
  3,0,3,4,4,0,0,0,0,0,6,19,0,3,0,20
  7,3,5,4,2,0,4,0,0,0,6,6,0,5,0,19
  8,9,4,8,5,0,2,0,0,0,3,3,0,0,0,16
  4,0,3,5,2,3,1,0,0,0,7,1,0,0,0,16
  3,2,0,5,4,5,4,4,0,0,4,0,0,0,0,12
  6,5,5,3,0,3,1,1,0,0,0,0,0,0,0,8
  4,1,2,0,1,0,0,0,0,0,5,0,1,0,0,16

.
  18,12,9,6,0,5,6,2,0,7,3,0,0,0,16,3
  0,8,8,18,3,0,0,3,0,0,12,0,2,0,0,14
  10,8,10,12,0,7,6,5,0,14,3,0,0,0,11,6
  5,4,4,0,5,1,1,2,3,3,4,0,0,12,0,8
  6,2,0,21,2,1,5,3,0,1,3,1,13,3,0,16
  7,0,6,10,1,6,0,5,0,3,1,19,5,3,0,18
  0,5,4,7,2,0,1,0,0,0,15,0,0,4,0,28
  6,4,4,4,0,4,7,4,0,15,0,2,0,0,9,16
  8,4,4,0,4,4,5,5,4,0,7,10,0,21,0,21
  7,5,0,4,2,0,1,0,0,0,7,5,12,3,0,20
  11,3,5,9,3,1,0,0,0,0,6,4,0,3,0,16
  8,6,4,8,2,0,1,0,0,0,3,3,0,0,0,13
  4,0,1,5,2,4,1,0,0,0,7,1,0,0,0,18
  3,0,0,5,4,4,4,4,0,0,4,0,0,0,0,12
  6,5,2,4,0,3,1,1,0,0,0,0,0,0,0,9
  4,1,2,0,1,0,3,0,0,1,5,0,3,0,0,14

.
  19,10,9,7,0,7,7,2,0,7,6,0,0,0,20,6
  0,8,10,19,3,0,0,4,0,0,12,0,2,0,0,14
  10,6,10,13,0,7,3,5,0,14,3,0,0,0,11,9
  6,4,5,0,5,1,1,1,3,6,6,0,0,15,0,10
  3,3,9,21,5,3,5,0,0,1,6,4,16,4,0,18
  6,0,6,10,1,4,0,5,0,3,3,21,6,4,0,17
  0,5,4,5,0,0,1,2,0,0,17,0,0,3,0,25
  7,5,4,4,0,4,6,4,0,17,1,2,0,1,9,25
  0,4,4,11,4,0,5,3,0,0,23,7,1,4,0,34
  6,5,2,4,0,0,3,0,0,19,7,5,0,3,0,20
  8,3,7,8,3,0,0,0,0,0,7,6,0,5,1,19
  8,8,4,8,2,0,1,0,0,0,6,3,12,0,0,16
  4,1,3,5,2,3,1,0,0,0,7,1,1,0,0,17
  1,5,0,5,4,5,4,4,0,0,4,0,0,0,0,13
  6,5,5,3,0,2,1,0,0,0,0,0,0,0,0,9
  4,1,2,0,0,0,3,0,0,0,5,0,1,0,0,16

.
  18,12,9,7,0,5,8,2,0,15,3,12,0,0,0,6
  0,4,9,16,3,0,3,4,0,0,12,0,2,0,0,14
  11,6,10,12,0,6,5,5,0,14,1,0,0,0,11,8
  3,4,5,0,5,1,1,2,4,3,3,0,0,15,0,12
  7,4,0,21,5,6,5,0,0,1,3,4,13,4,0,18
  7,0,6,10,1,6,0,5,0,1,1,19,3,4,0,17
  0,5,4,7,0,0,1,1,0,0,16,0,0,4,0,28
  7,5,4,4,0,4,7,4,0,15,14,13,0,0,0,16
  0,4,4,11,4,0,5,5,0,0,23,6,3,4,0,34
  3,5,0,4,0,3,3,0,0,19,7,7,0,3,1,24
  8,3,5,7,2,0,0,0,0,0,7,6,0,6,1,19
  8,6,4,8,5,2,0,0,0,0,6,3,0,3,0,16
  4,3,3,5,3,3,1,0,0,0,7,1,0,0,0,16
  3,2,0,5,4,4,4,4,0,0,6,0,0,0,0,12
  6,5,5,3,0,3,3,1,0,0,3,0,0,0,0,9
  4,1,2,0,0,0,4,0,0,1,5,0,1,0,0,16

.
  19,12,9,6,7,5,6,0,0,7,3,0,0,0,9,6
  8,5,10,7,5,6,2,3,11,0,0,0,2,11,0,2
  13,6,5,15,7,6,6,0,0,0,1,0,8,0,0,6
  3,0,5,8,2,1,0,4,0,3,19,0,0,12,0,10
  3,3,9,21,5,3,5,0,0,1,3,3,13,3,0,16
  7,0,6,10,1,6,0,5,0,1,1,19,5,4,0,16
  0,5,4,5,2,0,4,2,0,0,15,0,0,0,0,25
  7,4,4,4,0,4,5,3,0,15,0,0,0,0,9,16
  7,4,4,0,4,4,5,5,15,0,6,8,0,21,0,20
  6,7,0,4,2,0,3,0,0,0,7,5,20,7,0,22
  7,3,5,9,2,0,0,0,0,0,7,6,0,5,0,18
  9,9,4,8,6,2,2,0,0,0,6,3,0,0,0,16
  4,3,3,5,3,3,1,0,0,0,7,1,0,0,0,18
  3,2,0,5,4,5,4,3,0,0,4,0,0,0,0,12
  6,5,5,3,0,2,1,1,0,0,0,0,0,0,0,9
  4,1,2,0,0,0,4,0,0,0,5,0,1,0,0,16

.
  19,12,9,6,0,5,6,0,0,3,0,10,0,0,0,5
  0,6,8,18,3,0,3,4,0,0,12,0,0,0,0,14
  10,6,10,12,0,4,5,3,0,12,0,0,0,0,11,5
  6,4,5,0,5,3,1,1,0,3,3,0,0,15,0,10
  6,0,4,20,0,3,5,3,0,15,3,3,1,1,12,16
  7,4,6,0,5,7,4,5,5,1,3,4,2,16,0,16
  6,8,0,10,2,4,4,0,0,0,1,0,11,0,0,15
  7,0,5,4,3,4,0,4,0,0,0,2,0,1,0,16
  7,4,4,9,4,0,5,5,0,0,22,7,1,4,0,34
  6,5,1,3,0,0,1,0,0,19,9,7,0,3,0,20
  8,3,5,4,3,1,0,0,0,0,7,8,0,5,1,19
  8,6,4,8,6,2,0,0,0,0,6,3,0,0,0,16
  4,1,3,5,3,3,1,0,0,0,7,1,0,0,0,17
  3,2,0,5,4,3,4,4,0,0,4,0,0,0,0,12
  6,5,5,3,0,2,1,0,0,0,0,0,0,0,0,8
  4,1,2,0,0,0,4,0,0,0,5,0,0,0,0,17

.
  19,12,9,6,0,3,6,0,0,7,4,17,0,0,0,6
  0,4,7,7,3,0,3,4,0,0,14,0,0,0,0,14
  10,6,10,11,0,6,3,3,0,12,0,0,0,0,11,6
  6,4,5,0,5,3,1,2,3,3,3,0,0,12,0,10
  6,2,6,17,5,3,3,0,0,1,3,4,13,3,0,16
  7,0,6,10,1,7,0,5,0,1,1,21,2,4,0,16
  0,7,4,5,2,0,4,2,0,0,15,2,0,0,0,25
  7,7,4,4,0,4,6,4,0,12,0,0,0,0,9,16
  8,4,4,1,4,4,5,5,16,0,3,8,0,21,0,20
  3,6,0,3,5,0,1,0,0,0,7,7,14,3,0,20
  11,3,4,9,2,1,2,0,0,0,7,6,0,5,0,19
  8,8,4,7,5,2,2,0,0,0,6,5,0,0,0,16
  4,0,3,5,3,3,1,0,0,0,7,1,0,0,0,16
  3,2,0,5,4,4,3,4,0,0,4,0,0,0,0,12
  6,5,5,3,0,3,3,1,0,0,0,0,0,0,0,8
  4,1,2,0,0,0,4,0,0,0,5,0,0,0,0,16

.
  19,12,9,6,0,5,8,2,0,7,3,1,0,0,0,5
  0,6,12,7,7,0,3,4,0,0,12,0,0,0,0,14
  10,6,10,8,0,4,5,5,0,11,0,0,0,0,6,5
  6,4,5,0,5,1,1,2,1,1,1,0,0,12,0,8
  4,3,6,15,5,3,6,5,0,14,0,4,0,0,7,13
  7,4,6,0,6,7,4,5,5,0,0,4,0,14,0,16
  7,8,0,5,4,3,1,0,0,0,0,0,9,0,0,12
  7,0,5,4,4,4,0,6,0,0,0,16,0,13,0,12
  8,6,6,6,4,4,5,0,0,0,3,6,15,0,0,18
  3,0,2,3,2,0,0,0,0,0,6,21,0,3,0,20
  11,3,7,4,3,1,2,0,0,0,6,6,0,2,0,18
  8,9,4,7,6,2,2,0,0,0,3,3,0,0,0,16
  4,1,3,2,2,3,1,0,0,0,7,1,0,0,0,16
  3,2,0,5,4,4,4,1,0,0,4,0,0,0,0,12
  6,5,5,3,0,3,1,1,0,0,0,0,0,0,0,7
  4,1,2,0,1,0,4,0,0,0,5,0,7,0,0,14

.
  19,12,9,6,0,7,8,2,0,7,1,0,0,0,6,3
  11,7,12,2,10,10,3,4,11,0,12,1,0,0,0,14
  10,6,11,8,0,6,5,3,0,9,0,0,0,0,6,5
  3,4,5,0,5,1,1,1,0,1,3,0,0,10,0,8
  6,4,0,14,5,3,5,0,0,0,0,3,9,0,0,16
  7,4,6,6,1,6,0,5,0,0,0,19,0,0,0,15
  0,7,6,2,0,0,4,2,0,0,14,0,0,0,0,23
  7,5,4,3,0,4,7,6,0,14,0,2,0,0,9,12
  7,4,4,0,4,4,5,5,3,0,6,10,0,21,0,18
  6,3,0,3,4,0,3,0,0,0,7,3,19,3,0,20
  8,3,5,9,2,1,2,0,0,0,6,4,0,2,0,18
  8,9,4,6,5,2,2,0,0,0,3,2,0,0,0,15
  4,0,1,2,2,3,1,0,0,0,7,1,0,0,0,16
  3,2,0,5,4,5,4,4,0,0,4,0,0,0,0,12
  6,3,5,3,0,3,3,1,0,0,0,0,0,0,0,8
  4,1,2,0,1,0,4,0,0,0,5,0,0,0,0,16

.
  20,12,6,4,0,5,4,2,0,7,1,0,0,0,4,3
  8,6,10,0,7,6,3,4,0,0,0,1,0,9,0,2
  10,6,8,8,0,6,5,3,0,9,0,0,0,0,6,5
  6,2,5,0,5,1,1,1,0,0,0,0,0,12,0,8
  6,3,0,15,6,3,5,0,0,0,0,4,9,0,0,15
  7,0,6,6,1,3,0,5,0,0,0,4,0,12,0,15
  7,5,0,4,0,1,0,0,0,0,0,0,9,0,0,12
  7,0,5,3,3,4,0,6,0,0,0,16,0,0,0,14
  0,4,4,5,4,0,5,5,0,0,19,7,0,4,0,33
  6,0,0,4,5,0,0,0,0,0,7,19,0,3,0,20
  11,4,7,4,3,3,2,0,0,0,6,6,0,2,0,18
  8,9,4,6,5,2,2,0,0,0,3,3,0,0,0,16
  4,3,3,5,2,3,1,0,0,0,7,1,0,0,0,16
  3,2,0,4,4,3,4,1,0,0,4,0,0,0,0,12
  6,5,5,3,0,3,1,0,0,0,0,0,0,0,0,7
  4,1,2,0,0,0,4,0,0,0,5,0,0,0,0,16

.
  19,12,0,6,5,3,0,2,0,0,1,12,0,0,0,2
  0,7,10,3,5,0,3,1,0,0,12,0,0,0,0,14
  10,6,10,8,0,4,5,5,0,9,0,0,0,0,6,5
  6,4,5,0,5,1,1,2,0,1,1,0,0,0,0,24
  6,3,4,14,0,3,5,2,0,12,3,4,0,0,7,13
  7,4,6,0,5,7,4,5,5,0,1,4,0,12,0,13
  6,7,0,7,2,3,0,0,0,0,0,0,9,0,0,12
  7,0,5,0,5,4,7,4,5,0,0,0,0,13,0,12
  8,4,0,9,4,4,5,0,0,0,3,6,15,1,0,18
  4,0,3,4,5,0,0,0,0,0,6,19,0,3,0,20
  10,3,7,7,3,1,2,0,0,0,4,6,0,2,0,16
  8,9,4,7,5,0,2,0,0,0,3,2,0,0,0,13
  4,3,3,5,2,3,1,0,0,0,7,1,0,0,0,16
  3,4,0,5,4,3,4,4,0,0,4,0,0,0,0,12
  6,5,5,4,0,3,3,1,0,0,0,0,0,0,0,7
  0,1,2,0,0,0,4,0,0,0,5,0,0,0,0,16

.
  18,12,9,6,0,3,5,2,0,7,1,0,0,0,8,5
  11,8,12,11,7,7,2,4,11,0,1,0,0,9,0,2
  13,6,3,10,7,4,5,0,0,0,0,0,8,0,0,5
  6,0,5,3,5,1,0,4,0,0,0,18,0,0,0,8
  0,2,4,14,5,0,5,2,0,0,15,4,0,0,0,26
  7,4,6,6,0,6,4,5,0,12,3,1,0,0,9,16
  4,5,9,0,5,3,0,2,4,0,0,0,0,13,0,12
  7,4,0,4,4,4,6,0,0,0,0,0,12,0,0,12
  8,0,4,6,4,4,5,4,12,0,4,6,0,19,0,20
  7,5,0,4,5,0,1,0,0,0,7,5,19,1,0,20
  8,6,7,9,2,0,1,0,0,0,4,4,0,2,0,19
  8,9,4,8,5,2,2,0,0,0,3,2,0,0,0,13
  8,0,3,5,3,4,1,0,0,0,7,1,0,0,0,16
  3,2,0,7,4,4,4,3,0,0,4,0,0,0,0,13
  6,5,5,6,0,3,1,1,0,0,0,0,0,0,0,8
  4,1,2,0,0,0,4,0,0,0,5,0,0,0,0,16

.
  19,12,9,6,0,6,6,2,0,7,1,0,0,0,8,5
  11,8,12,0,7,7,2,3,0,0,0,1,0,12,0,13
  10,6,10,8,0,6,5,5,0,9,0,0,0,0,8,5
  6,4,5,0,5,1,1,2,0,0,1,0,0,10,0,8
  6,4,0,17,5,3,6,0,0,0,0,4,9,0,0,15
  7,0,6,6,1,6,0,5,0,0,1,19,0,0,0,15
  0,7,6,4,0,0,4,2,0,0,15,0,0,0,0,23
  7,4,4,3,0,4,7,4,0,12,0,0,0,0,7,12
  8,4,4,0,4,4,6,3,12,0,3,8,0,19,9,31
  6,5,2,3,0,3,3,0,0,17,6,5,0,3,0,20
  11,6,5,7,2,1,1,0,0,0,6,4,0,2,0,18
  8,9,4,8,5,2,2,0,0,0,6,2,0,0,0,16
  4,3,3,5,2,3,1,0,0,0,7,1,0,0,0,16
  3,4,0,7,4,4,4,4,0,0,4,0,0,0,0,12
  6,6,5,3,0,3,1,1,0,0,0,0,0,0,0,7
  4,1,2,0,0,0,4,0,0,0,5,0,0,0,0,16

.
  18,12,9,6,0,5,6,2,0,7,1,0,0,0,8,3
  11,8,12,0,10,10,3,4,8,0,0,1,0,9,0,3
  10,6,10,10,7,6,3,0,0,0,0,0,0,0,0,5
  6,0,5,1,5,1,0,2,0,1,1,18,0,0,0,8
  0,2,4,14,5,0,5,2,0,0,15,3,0,0,0,24
  7,4,6,6,0,6,4,5,0,12,1,3,2,0,9,15
  6,7,6,5,2,3,0,2,5,0,1,0,0,12,0,12
  7,5,0,4,4,4,7,0,0,0,0,0,12,0,0,12
  10,0,4,9,4,5,0,5,0,0,1,19,0,0,0,20
  0,5,2,3,5,0,3,0,0,0,24,3,0,3,0,20
  11,4,5,9,3,1,2,0,0,0,6,4,0,2,0,18
  8,9,4,8,5,2,2,0,0,0,3,3,0,0,0,16
  4,1,3,5,3,3,1,0,0,0,7,1,0,0,0,16
  3,2,0,7,4,5,4,4,0,0,4,0,0,0,0,12
  6,5,2,3,0,2,1,0,0,0,0,0,0,0,0,7
  4,1,2,0,0,0,4,0,0,0,5,0,0,0,0,16

.
  20,10,9,3,0,5,7,2,0,7,3,0,0,0,6,3
  11,8,12,0,7,7,3,4,11,0,0,1,0,9,0,2
  13,8,3,10,7,4,5,0,0,0,0,0,8,0,0,5
  6,0,5,0,5,1,1,1,0,3,3,0,0,12,0,8
  7,2,0,15,5,3,5,0,0,0,1,3,8,0,0,16
  7,0,6,9,6,6,0,5,0,0,0,19,0,1,0,16
  4,5,4,4,2,0,1,2,0,0,19,0,9,0,0,14
  7,0,4,4,4,3,0,4,0,0,0,15,0,0,0,16
  0,4,4,6,4,0,5,5,0,0,19,6,0,4,0,33
  6,5,2,4,0,0,3,0,0,17,3,5,0,3,0,20
  11,3,5,4,3,0,2,0,0,0,6,5,0,2,0,18
  8,9,4,8,5,2,2,0,0,0,3,3,0,0,0,16
  4,1,3,5,2,3,1,0,0,0,7,1,0,0,0,16
  3,2,0,5,3,5,4,4,0,0,4,0,0,0,0,12
  6,5,5,3,0,2,0,1,0,0,0,0,0,0,0,7
  4,1,2,0,0,0,4,0,0,0,5,0,1,0,0,16

.
  18,12,9,3,0,3,4,0,0,7,3,0,0,0,6,3
  13,8,12,3,12,8,4,4,11,0,0,1,0,9,0,2
  13,6,3,8,7,4,3,0,0,0,0,0,8,0,0,5
  6,0,5,3,5,1,0,2,0,1,1,18,0,0,0,9
  0,2,4,6,6,3,5,0,0,0,0,4,9,0,0,15
  7,0,6,6,1,6,0,5,0,0,1,19,0,1,0,16
  0,5,4,5,2,0,4,2,0,0,15,0,0,0,0,23
  7,5,4,3,0,1,6,4,0,14,1,0,0,0,0,12
  0,4,4,5,4,0,5,4,0,0,19,6,0,3,0,32
  6,5,2,4,0,3,3,0,0,19,7,5,0,3,0,20
  11,3,5,4,2,0,0,0,0,0,7,4,0,2,0,16
  9,9,4,8,6,3,2,0,2,0,3,2,0,0,0,16
  4,1,3,5,4,4,1,0,0,0,7,1,0,0,0,16
  3,2,0,5,4,5,6,4,0,0,4,0,0,0,0,13
  6,5,5,3,0,3,3,0,0,0,0,0,0,0,0,7
  4,1,2,0,0,0,4,0,0,0,5,0,0,0,0,16

.
  18,12,8,3,0,5,6,2,0,7,3,0,0,0,6,3
  11,8,12,3,10,10,3,4,8,0,0,1,0,9,0,5
  13,6,3,10,8,6,5,0,0,0,0,0,7,0,0,5
  6,0,5,1,5,1,0,2,0,3,1,18,0,0,0,8
  0,2,4,14,2,0,3,2,0,0,15,3,0,0,0,24
  7,3,6,6,0,6,4,0,0,0,0,16,0,1,0,16
  0,5,4,5,2,0,1,2,0,0,15,0,0,0,0,25
  7,5,4,4,0,3,5,4,0,12,0,0,0,0,7,12
  7,4,4,0,4,4,6,5,12,0,6,8,0,19,0,20
  7,7,3,4,0,1,3,0,0,17,7,5,0,3,0,20
  8,3,5,4,2,0,2,0,0,0,7,4,0,2,0,18
  9,9,4,8,6,2,2,0,0,0,3,2,0,0,0,16
  4,0,3,5,3,4,1,0,0,0,7,1,0,0,0,16
  3,2,0,5,4,4,4,1,0,0,4,0,0,0,0,12
  6,6,5,3,0,2,3,1,0,0,0,0,0,0,0,7
  4,1,2,0,1,0,4,0,0,0,5,0,0,0,0,16

.
  18,10,9,3,0,5,7,0,0,7,3,0,0,0,6,3
  11,7,12,2,8,6,3,4,11,0,0,1,0,9,0,2
  11,6,3,11,7,4,5,0,0,0,0,8,0,0,6,5
  6,4,5,0,5,1,1,1,0,3,3,1,0,10,0,8
  6,2,0,15,2,1,3,0,0,0,3,4,6,0,0,16
  7,0,6,9,5,6,0,5,0,0,1,19,0,3,0,16
  0,5,4,4,0,0,1,2,0,0,15,0,0,0,0,24
  7,5,4,4,0,3,5,4,0,12,0,0,0,0,9,12
  7,4,4,0,4,4,5,5,12,0,3,7,0,17,0,18
  6,6,0,4,5,0,4,0,0,0,7,7,15,3,0,21
  11,3,4,9,2,0,1,0,0,0,7,5,0,3,1,19
  9,9,4,8,6,2,2,0,0,0,6,3,0,0,0,16
  4,3,3,5,2,3,1,0,0,0,7,1,0,0,0,16
  3,2,0,7,4,4,4,4,0,0,4,0,0,0,0,12
  5,5,5,3,0,2,3,1,0,0,0,0,0,0,0,8
  4,1,2,0,1,0,4,0,0,0,5,0,0,0,0,16

.
  18,12,8,4,7,3,6,0,0,7,3,2,0,0,8,3
  11,8,12,0,10,10,3,4,11,0,0,1,0,9,0,2
  14,8,3,8,7,6,5,0,0,0,0,0,7,0,0,5
  8,0,5,3,5,1,0,2,0,1,0,13,0,0,0,8
  0,0,4,14,3,0,5,2,0,0,15,4,0,0,0,26
  7,4,6,6,0,6,4,5,0,14,1,4,2,0,10,16
  7,5,4,0,2,3,1,2,5,0,0,5,0,13,0,12
  7,4,0,4,0,4,7,4,0,12,0,0,0,0,9,12
  7,4,4,0,4,4,5,3,12,0,3,8,0,19,0,18
  6,5,0,4,5,3,3,0,0,0,6,3,19,3,0,20
  8,3,7,10,2,0,1,0,0,0,6,4,0,5,0,17
  9,11,4,8,6,2,6,0,0,0,4,3,0,0,0,16
  4,0,3,5,2,4,3,0,0,0,7,1,0,0,0,18
  3,0,0,7,4,5,8,4,0,0,4,0,0,0,0,13
  6,5,4,4,0,3,3,1,0,0,0,0,0,0,0,9
  0,1,2,1,1,0,6,0,0,0,5,0,1,0,0,16

.
  19,10,8,6,0,5,4,3,0,0,0,12,0,0,0,2
  0,6,12,11,5,0,3,4,0,0,9,0,0,0,0,14
  10,6,13,10,0,6,5,5,0,7,0,0,0,0,6,5
  6,4,5,0,5,1,1,2,0,0,0,0,0,8,0,10
  6,4,0,17,2,3,3,0,0,0,0,3,9,0,0,15
  7,0,6,6,1,7,0,6,0,0,0,16,0,0,0,13
  0,7,6,4,0,0,1,2,0,0,14,0,0,0,0,23
  7,4,4,3,0,4,5,1,0,0,0,12,0,0,0,16
  0,4,4,6,3,0,5,5,0,0,19,6,0,0,0,33
  6,5,2,4,0,3,4,0,0,16,6,2,0,3,0,20
  11,3,7,13,3,1,4,0,0,0,6,4,0,2,0,18
  8,9,4,0,6,3,3,0,0,0,3,2,0,0,0,13
  4,3,3,5,2,3,3,0,0,0,6,0,0,0,0,16
  3,4,0,7,4,5,6,4,0,0,4,0,0,0,0,12
  6,6,5,3,0,3,3,0,0,0,0,0,0,0,0,7
  4,1,2,0,0,0,6,0,0,0,2,0,0,0,0,14

.
  18,12,9,6,0,5,7,2,0,4,0,0,0,0,4,2
  0,6,8,7,5,0,3,3,0,0,7,0,0,0,0,14
  13,6,10,10,0,6,7,5,0,7,0,0,0,0,6,3
  6,4,5,0,7,1,1,1,0,0,0,0,0,8,0,7
  7,4,0,17,5,3,6,0,0,0,0,0,1,0,0,13
  7,0,6,9,3,3,0,6,0,0,0,14,0,0,0,15
  0,5,4,5,2,0,4,2,0,0,12,0,0,0,0,25
  7,4,4,4,0,4,7,4,0,12,0,0,0,0,4,12
  7,4,4,0,4,4,5,3,11,0,0,6,0,16,0,16
  7,6,0,4,5,0,5,0,0,0,3,0,17,1,0,20
  11,3,7,13,2,1,4,0,0,0,3,1,0,0,0,16
  9,9,4,8,6,4,3,0,0,0,3,0,0,0,0,26
  6,3,3,5,4,3,3,0,0,0,3,0,0,0,0,16
  3,5,2,7,4,5,7,4,0,0,3,0,0,0,0,12
  6,6,5,6,0,3,3,1,0,0,0,0,0,0,0,5
  4,1,2,0,0,0,4,0,0,0,2,0,0,0,0,16

.
  18,12,9,6,0,5,8,2,0,3,0,0,0,0,4,2
  11,6,12,2,12,8,5,4,0,0,0,0,0,9,0,2
  13,6,10,11,2,6,7,5,0,7,0,0,0,0,6,5
  6,4,5,0,5,1,1,2,0,0,0,0,0,8,0,5
  7,3,0,17,5,3,5,0,0,0,0,0,8,0,0,13
  7,0,6,9,1,6,0,5,0,0,12,0,0,12,0,13
  7,7,0,7,0,3,4,0,0,0,0,0,6,0,0,9
  7,0,4,4,4,4,0,6,0,0,0,12,0,0,0,11
  0,4,4,6,3,0,5,5,0,0,15,3,0,0,0,31
  6,5,4,4,0,3,5,0,0,15,3,2,0,0,0,20
  11,6,7,9,2,1,4,0,0,0,3,1,0,0,0,16
  8,9,4,8,6,2,3,0,0,0,1,0,0,0,0,13
  4,0,1,5,2,4,3,0,0,0,4,0,0,0,0,15
  3,5,2,7,4,5,6,4,0,0,3,0,0,0,0,12
  6,6,5,4,0,3,3,1,0,0,0,0,0,0,0,7
  4,1,2,0,1,0,4,0,0,0,2,0,0,0,0,16

.
  19,12,9,6,0,5,6,2,0,4,0,0,0,0,4,2
  11,6,10,0,7,7,3,3,6,0,0,0,0,6,0,0
  13,8,5,12,7,6,5,0,0,0,0,0,5,0,0,3
  6,0,5,3,5,1,0,4,0,0,0,0,0,8,0,5
  6,3,6,17,5,3,5,0,0,0,0,0,1,0,0,13
  7,0,6,10,5,6,0,6,0,0,0,14,0,0,0,13
  0,5,4,5,0,0,4,2,0,0,12,0,0,0,0,12
  7,0,4,4,4,4,0,6,0,0,0,12,0,0,0,11
  0,4,4,5,4,0,5,5,0,0,15,3,0,0,0,32
  6,6,4,4,0,3,4,0,0,15,3,0,0,3,0,20
  11,6,7,13,3,3,4,2,0,0,3,3,0,2,0,16
  8,9,4,9,6,4,3,0,0,0,3,0,0,0,0,15
  6,0,1,5,2,3,3,0,0,0,3,0,0,0,0,16
  3,5,0,7,4,5,6,4,0,0,3,0,0,0,0,12
  6,5,5,4,0,2,3,1,0,0,0,0,0,0,0,4
  4,1,2,0,1,0,4,0,0,0,2,0,0,0,0,16

.
  18,12,9,3,2,5,6,2,0,3,0,0,0,0,4,2
  11,6,10,0,5,6,3,3,6,0,0,0,0,8,0,2
  13,6,5,12,7,4,5,0,0,0,0,0,5,0,0,5
  6,0,5,1,4,1,0,2,0,0,0,13,0,0,0,5
  0,0,4,15,6,0,6,2,0,0,0,0,9,0,0,15
  7,0,6,9,1,6,0,6,0,0,0,16,0,0,0,13
  0,7,6,5,2,0,3,2,0,0,12,0,0,0,0,23
  7,5,4,4,0,4,7,4,0,12,0,0,0,0,4,12
  0,4,4,11,4,0,6,5,0,0,17,3,0,3,0,32
  7,5,3,4,0,3,5,2,0,15,3,0,0,3,0,20
  11,6,7,12,5,4,4,2,0,0,3,1,0,2,0,16
  8,9,4,9,5,3,3,0,0,0,3,0,0,0,0,12
  4,0,1,5,2,3,3,0,0,0,6,0,0,0,0,16
  3,5,1,7,4,5,6,4,0,0,4,0,0,0,0,12
  6,5,5,4,0,3,3,1,0,0,0,0,0,0,0,7
  4,1,2,0,1,0,4,0,0,0,4,0,0,0,0,16

.
  18,12,9,6,0,5,7,2,0,6,0,0,0,0,4,2
  11,8,12,0,7,6,2,3,6,0,0,1,0,6,0,2
  10,6,5,10,8,6,5,0,0,0,0,0,5,0,0,5
  6,0,5,1,5,1,0,2,0,0,0,13,0,0,0,6
  0,4,4,15,6,0,7,2,0,0,15,1,0,0,0,24
  7,4,6,6,0,6,4,9,0,0,0,16,0,0,0,13
  0,7,6,5,2,0,1,2,0,0,14,0,0,0,0,23
  7,5,4,4,0,4,7,6,0,12,0,0,0,0,7,11
  8,4,4,0,4,4,5,5,12,0,3,6,0,16,0,29
  7,5,3,4,0,3,4,2,0,17,3,2,0,3,0,20
  11,7,7,13,3,1,2,0,0,0,6,4,0,5,0,18
  8,9,4,8,5,2,2,0,0,0,3,0,0,0,0,16
  4,3,3,5,2,3,3,0,0,0,7,0,0,0,0,15
  3,5,0,7,4,5,4,4,0,0,4,0,0,0,0,12
  6,5,5,3,0,3,3,1,0,0,0,0,0,0,0,7
  4,1,2,0,0,0,4,0,0,0,5,0,0,0,0,16

.
  18,12,9,6,0,5,7,2,0,7,0,0,0,0,6,3
  11,4,8,0,3,3,0,0,6,0,0,0,0,8,0,0
  14,6,5,10,8,4,3,0,0,0,11,0,0,0,0,5
  6,0,5,1,5,1,0,2,0,0,0,16,0,0,0,7
  0,3,4,15,6,0,7,2,0,0,15,0,0,0,0,24
  7,4,6,9,0,7,6,6,0,14,0,3,2,0,9,15
  6,7,6,0,5,0,4,2,0,0,12,2,0,0,0,23
  7,4,4,4,0,4,6,4,0,12,0,0,0,0,7,12
  7,4,4,0,4,2,5,1,3,0,6,7,0,19,0,16
  7,6,0,4,5,0,3,0,0,0,6,2,0,3,0,20
  11,3,7,10,2,1,2,0,0,0,6,3,0,5,0,18
  8,9,4,9,6,2,2,0,0,0,4,0,0,0,0,16
  4,3,1,5,3,3,1,0,0,0,7,0,0,0,0,16
  3,2,0,7,4,4,6,4,0,0,4,0,0,0,0,12
  6,3,4,6,0,2,3,1,0,0,0,0,0,0,0,7
  4,1,2,0,0,0,4,0,0,0,5,0,0,0,0,16

.
  19,12,9,0,10,3,6,0,0,7,3,0,0,0,6,2
  11,6,8,0,3,5,0,0,6,0,0,0,0,12,0,5
  13,6,3,11,7,4,5,0,0,0,0,0,7,0,0,5
  6,0,5,1,4,1,0,2,0,0,0,16,0,8,0,5
  7,4,0,15,5,3,5,0,0,0,1,3,9,0,0,16
  7,0,6,7,1,6,0,6,0,0,0,19,0,0,0,15
  3,5,4,4,0,0,4,2,0,0,14,0,0,0,0,25
  7,4,4,4,0,4,0,4,0,0,0,12,0,0,0,12
  8,4,4,9,3,0,5,3,0,0,19,6,0,3,0,33
  4,5,2,4,0,1,4,0,0,17,7,2,0,4,0,20
  11,3,7,13,2,3,4,0,0,0,6,4,0,3,0,19
  8,9,4,8,6,0,2,0,0,0,3,2,0,0,0,16
  4,3,3,5,2,3,3,0,0,0,7,0,0,0,0,16
  3,2,0,7,4,4,4,4,0,0,4,0,0,0,0,12
  5,6,5,6,0,2,3,0,0,0,0,0,0,0,0,9
  4,1,2,0,0,0,4,0,0,0,5,0,0,0,0,14

.
  16,10,8,6,0,5,7,0,0,7,1,0,0,0,6,3
  11,8,17,16,10,0,5,8,0,0,12,0,0,0,0,14
  10,8,10,10,0,6,5,4,0,12,0,0,0,0,6,5
  6,2,5,0,5,1,1,1,0,0,0,0,0,10,0,7
  7,2,0,17,6,3,4,0,0,0,14,3,0,0,7,13
  7,4,6,0,6,7,6,6,4,0,0,3,0,14,0,15
  6,7,0,7,2,3,1,0,0,0,0,0,0,0,0,12
  7,0,4,4,4,4,0,4,0,0,0,12,0,0,0,12
  0,4,4,9,3,4,5,0,0,0,3,6,15,3,0,16
  6,0,0,4,5,3,0,2,0,0,6,19,0,3,0,20
  13,6,7,9,2,1,2,0,0,0,6,4,0,2,0,18
  8,9,4,8,5,2,2,0,0,0,4,2,0,0,0,16
  0,0,3,5,3,4,3,0,0,0,7,1,0,0,0,17
  3,2,0,7,4,3,6,4,0,0,4,0,0,0,0,13
  6,5,2,4,0,2,3,1,0,0,0,0,0,0,0,7
  4,1,2,0,0,0,4,0,0,0,5,0,0,0,0,16

.
  19,12,9,4,2,3,8,0,0,7,1,0,0,0,4,3
  11,8,15,3,12,6,0,4,0,0,9,0,0,0,0,14
  11,6,8,8,0,4,5,3,0,9,0,0,0,0,6,5
  6,4,4,0,7,1,1,1,0,0,0,0,0,10,0,7
  6,2,0,15,5,3,5,0,0,0,1,0,9,0,0,13
  7,4,6,0,5,7,6,5,5,0,0,4,0,12,0,15
  7,7,0,7,0,3,1,0,0,0,0,0,0,0,0,12
  7,0,4,4,4,3,0,4,0,0,0,12,0,0,0,12
  0,4,4,9,4,0,5,0,0,0,3,5,15,3,0,16
  3,0,4,4,5,0,0,2,0,0,7,19,0,4,0,20
  10,3,7,9,2,0,2,0,0,0,6,4,0,5,0,19
  8,9,4,8,5,2,2,0,0,0,3,0,0,0,0,16
  4,3,3,5,2,0,3,0,0,0,6,1,0,0,0,16
  3,5,0,5,4,4,4,1,0,0,4,0,0,0,0,12
  6,5,5,3,0,2,1,0,0,0,0,0,0,0,0,9
  4,1,2,0,0,0,4,0,0,0,5,0,0,0,0,16

.
  18,12,9,3,0,3,6,2,0,7,1,0,0,0,4,5
  11,8,15,3,10,8,3,4,8,0,0,0,0,9,0,2
  14,8,3,11,7,4,5,0,0,0,0,0,0,0,6,5
  6,2,5,0,5,1,1,1,0,0,0,0,0,8,0,7
  7,3,0,17,5,3,6,0,0,0,3,3,6,0,0,15
  7,0,6,10,1,6,0,5,0,0,0,16,0,0,0,15
  6,5,0,4,0,3,0,0,0,0,0,0,9,0,0,12
  7,0,4,4,4,4,0,4,0,0,0,12,0,0,0,16
  0,4,4,9,4,0,5,5,0,0,19,5,0,4,0,33
  3,6,2,4,0,3,5,0,0,19,7,3,0,3,0,20
  10,3,7,12,3,1,2,0,0,0,6,4,0,5,0,19
  8,9,4,9,6,3,3,0,0,0,3,0,0,0,0,16
  4,3,3,5,2,3,3,0,0,0,7,0,0,0,0,16
  3,5,0,7,4,5,6,4,0,0,4,0,0,0,0,12
  6,5,5,6,0,2,3,0,0,0,0,0,0,0,0,9
  4,1,2,0,0,0,4,0,0,0,5,0,0,0,0,16

.
  18,12,0,6,7,5,0,2,0,0,0,12,0,0,0,2
  0,8,15,11,7,0,5,4,0,0,9,0,0,0,0,14
  10,8,10,8,0,4,5,5,0,9,0,0,0,0,6,4
  5,4,5,0,5,1,1,1,0,0,0,0,0,0,0,21
  7,4,6,17,0,3,3,2,0,12,1,0,0,0,7,13
  7,4,6,0,6,7,4,5,1,0,0,4,0,12,0,13
  3,7,0,7,2,3,1,0,0,0,0,0,0,0,0,12
  7,0,4,0,4,4,7,1,3,0,0,3,0,13,0,14
  7,6,0,11,4,4,5,0,0,0,6,5,15,3,0,18
  6,0,4,4,5,1,0,0,0,0,7,18,0,3,0,22
  11,7,7,10,2,1,4,0,0,0,4,4,0,3,8,16
  9,9,4,9,6,4,3,0,0,0,3,0,0,0,0,16
  4,3,3,5,3,4,3,0,0,0,6,0,0,0,0,16
  3,5,2,7,4,5,7,4,0,0,4,0,0,0,0,13
  6,6,5,3,0,3,3,0,0,0,0,0,0,0,0,7
  4,1,2,0,0,0,4,0,0,0,5,0,0,0,0,16

.
  18,12,9,3,2,6,6,2,0,6,1,0,0,0,0,2
  0,8,15,10,8,0,3,4,0,0,12,0,0,0,0,14
  11,6,10,8,0,6,5,5,0,9,0,0,0,0,6,4
  6,4,5,0,5,1,1,1,0,0,0,0,0,8,0,5
  4,4,0,17,5,3,5,3,0,12,0,0,0,0,7,13
  7,4,6,0,3,6,4,5,3,0,0,3,0,14,0,15
  6,7,0,7,2,3,0,0,0,0,0,0,9,0,0,12
  7,0,4,4,4,4,0,4,0,0,0,12,0,13,0,12
  8,6,0,11,4,4,5,0,0,0,3,6,15,0,0,20
  6,0,3,4,4,3,0,0,0,0,6,19,0,4,0,22
  11,6,7,12,3,1,4,0,0,0,6,4,0,3,0,19
  8,9,4,9,6,2,5,0,0,0,3,0,0,0,0,16
  4,3,3,5,2,4,3,0,0,0,7,0,0,0,0,16
  3,5,0,7,4,5,8,4,0,0,4,0,0,0,0,13
  6,5,5,6,0,2,3,0,0,0,0,0,0,0,0,9
  4,1,2,0,0,0,4,0,0,0,5,0,0,0,0,16

.
  18,12,9,3,0,5,4,0,0,7,0,0,0,0,6,5
  8,4,12,3,12,13,5,6,0,0,11,0,0,0,0,14
  11,8,8,10,0,8,5,5,0,7,0,0,0,0,6,5
  6,2,4,0,5,1,1,1,0,0,0,0,0,8,0,7
  6,3,0,17,5,3,3,0,0,0,0,0,9,0,0,12
  7,4,6,0,6,7,6,5,3,0,0,4,0,12,0,13
  6,8,0,7,0,3,1,0,0,0,0,0,9,0,0,12
  7,0,5,4,4,4,0,4,0,0,0,12,0,0,0,12
  0,4,4,9,4,0,6,0,0,0,3,6,7,3,0,18
  3,0,2,5,5,0,0,0,0,0,4,18,0,3,0,20
  11,6,7,13,3,4,4,0,0,0,6,3,0,2,0,19
  9,9,4,11,6,3,3,0,0,0,3,0,0,0,0,16
  4,5,3,5,2,0,3,0,0,0,6,0,0,0,0,18
  3,5,2,7,4,5,7,4,0,0,4,0,0,0,0,13
  6,5,5,6,0,3,3,1,0,0,0,0,0,0,0,9
  4,1,2,0,0,0,4,0,0,0,5,0,1,0,0,16

.
  19,12,9,6,0,6,6,0,0,7,1,0,0,0,6,2
  11,8,15,3,11,10,3,4,10,0,0,1,0,6,0,2
  13,6,3,10,7,7,5,4,0,9,0,0,0,0,6,5
  8,2,5,0,5,1,1,1,0,0,0,0,0,8,0,7
  7,4,0,15,3,3,3,0,0,0,0,3,9,0,0,13
  7,0,6,6,3,6,0,5,0,0,0,19,0,21,0,13
  7,8,0,4,0,3,0,0,0,0,0,0,8,0,0,12
  7,0,5,4,4,4,0,4,0,0,0,12,0,0,0,12
  0,4,4,6,4,0,5,5,0,0,19,6,0,4,0,33
  4,5,3,4,0,1,4,0,0,19,7,2,0,3,0,20
  11,4,7,13,3,1,4,0,0,0,7,4,0,5,0,19
  9,9,4,9,6,2,2,0,0,0,4,0,0,0,0,16
  4,3,3,7,2,3,3,0,0,0,7,0,0,0,0,18
  3,5,0,7,4,5,6,4,0,0,4,0,0,0,0,16
  6,6,5,6,0,2,3,0,0,0,0,0,0,0,0,9
  4,1,2,0,0,0,4,0,0,0,5,0,1,0,0,16

.
  19,12,6,3,0,5,6,0,0,7,1,0,0,0,9,3
  11,8,15,3,10,10,3,4,10,0,0,1,0,9,0,2
  10,6,2,8,5,4,3,0,0,0,0,0,8,0,0,5
  3,0,5,0,5,1,1,1,0,1,1,0,0,8,0,7
  7,2,4,15,2,1,3,0,0,0,1,4,6,0,0,16
  7,0,6,9,3,3,0,5,0,0,0,16,0,0,0,15
  0,7,6,4,0,0,3,2,0,0,0,0,0,0,0,25
  7,5,4,4,0,4,7,6,0,15,0,0,0,0,9,14
  8,4,4,0,4,4,5,3,12,0,3,6,0,21,0,20
  6,6,0,6,5,0,5,0,0,0,7,3,15,6,0,25
  11,3,5,7,3,3,4,0,0,0,7,4,0,6,0,19
  8,9,4,9,5,2,2,0,0,0,6,2,0,3,0,19
  4,3,3,7,2,3,3,0,0,0,7,0,0,0,0,20
  3,4,0,7,4,5,6,4,0,0,4,0,0,0,0,16
  6,3,2,6,0,2,3,0,0,0,0,0,0,0,0,9
  4,1,2,0,0,0,4,0,0,1,5,0,0,0,0,16

.
  18,10,4,1,0,0,1,0,0,7,1,10,0,0,0,2
  0,0,5,0,0,0,0,0,0,0,7,0,0,0,0,13
  10,6,7,4,0,0,0,0,0,9,0,0,0,0,8,1
  6,1,1,0,0,0,0,0,0,3,0,0,0,8,0,1
  6,0,0,10,0,0,0,0,0,14,3,4,0,0,9,10
  6,0,1,0,0,1,0,0,3,3,1,4,2,16,0,13
  3,2,0,4,0,0,0,0,0,0,0,0,11,3,0,12
  6,0,2,4,0,0,0,1,0,0,0,4,0,13,0,11
  8,0,0,8,0,0,0,0,0,0,6,5,17,4,0,13
  3,0,0,4,0,0,0,0,0,0,7,18,3,9,0,20
  7,1,4,12,0,0,2,0,7,0,7,4,3,8,0,19
  7,4,0,8,2,0,2,0,0,0,7,3,1,4,0,18
  4,0,0,5,0,1,3,0,0,1,12,1,3,1,0,20
  1,2,0,7,3,1,6,1,0,0,9,0,0,1,0,15
  5,3,2,3,0,2,0,0,0,0,3,0,0,0,0,9
  4,1,0,0,0,0,0,0,0,1,5,0,3,3,0,16

.
  19,10,9,3,0,3,4,0,4,28,19,12,7,0,22,29
  7,0,4,0,0,0,0,0,18,3,7,6,0,16,1,16
  10,2,0,3,0,0,0,0,0,7,7,5,12,5,0,25
  1,0,0,0,0,0,0,0,0,12,7,19,0,8,0,16
  0,0,0,5,0,0,0,0,2,12,24,12,6,14,0,34
  3,0,0,0,0,0,0,0,0,7,7,21,8,13,0,23
  0,0,0,0,0,0,0,0,0,7,20,8,4,14,3,31
  7,0,0,0,0,0,3,0,0,25,14,10,7,9,15,20
  7,0,0,0,0,0,5,0,19,7,15,16,11,28,1,34
  3,0,0,3,0,0,1,0,3,28,15,10,12,19,4,35
  5,0,0,4,0,0,0,0,8,3,12,8,7,14,1,28
  4,0,0,1,0,0,0,0,7,3,12,7,7,12,0,26
  4,0,0,0,0,0,0,0,0,7,15,5,7,9,9,24
  1,0,0,2,0,0,0,0,0,3,12,4,4,6,0,19
  2,0,0,0,0,0,0,0,0,0,6,0,3,0,0,13
  3,0,0,0,0,0,0,0,0,7,8,0,7,5,2,20

.
  20,12,11,7,0,7,8,0,0,22,15,0,6,0,27,32
  11,6,12,7,3,3,3,0,14,0,1,0,0,0,3,22
  14,10,14,18,0,8,8,0,0,24,7,0,0,5,23,27
  3,0,0,0,0,0,0,0,0,11,7,1,0,18,0,16
  6,0,0,10,0,0,0,0,0,12,11,9,16,14,0,24
  6,0,0,3,0,0,0,0,5,7,7,6,6,21,0,20
  6,0,0,2,0,0,0,0,0,7,9,8,19,16,3,23
  3,0,0,0,0,0,0,0,0,1,7,16,1,9,0,19
  0,3,0,5,0,0,0,0,0,1,25,10,7,14,1,39
  3,3,0,3,0,0,1,0,0,24,15,7,12,17,2,30
  2,0,0,0,0,0,0,0,5,0,12,6,7,13,0,23
  4,0,0,4,0,0,2,0,2,0,7,3,6,9,0,23
  4,0,0,0,0,0,0,0,0,6,12,2,7,6,0,24
  1,0,0,0,0,0,0,0,0,0,11,0,7,8,0,19
  2,0,0,0,0,0,0,0,0,0,3,0,3,0,0,12
  0,0,0,0,0,0,0,0,0,3,5,0,9,6,0,21

.
  18,12,9,7,0,7,6,0,8,33,24,8,11,14,28,30
  7,1,10,5,2,0,0,0,27,15,15,3,6,25,6,18
  13,10,5,13,3,4,7,3,12,39,24,10,0,16,32,35
  1,0,0,0,0,0,0,0,12,24,19,11,0,24,4,25
  4,0,0,12,0,0,0,0,9,22,15,13,22,21,6,32
  3,0,0,0,0,0,0,0,3,15,14,22,18,25,3,23
  1,0,0,0,0,0,0,0,0,12,12,8,17,12,6,20
  3,0,0,0,0,0,0,0,0,7,9,19,7,9,2,20
  0,3,0,5,0,0,0,0,4,7,30,15,14,17,9,39
  3,3,0,3,0,0,1,0,7,28,22,12,15,19,9,32
  2,0,0,0,0,0,0,0,10,6,15,11,12,14,5,26
  4,0,0,1,0,0,2,0,10,7,15,11,12,12,0,23
  4,0,0,0,0,0,0,0,5,12,17,10,15,12,0,24
  0,0,0,0,0,0,0,0,0,3,12,4,7,11,0,19
  0,0,0,0,0,0,0,0,0,0,6,0,3,0,0,10
  0,0,0,0,0,0,0,0,0,6,8,0,7,6,3,21

.
  19,9,9,7,0,3,4,0,2,24,14,0,6,11,22,26
  16,15,26,23,16,10,13,11,8,14,33,0,0,14,1,50
  14,15,19,19,5,9,10,5,16,47,28,12,0,12,34,51
  0,0,0,0,0,0,0,0,14,25,24,11,0,28,4,29
  1,0,0,14,0,0,0,0,2,19,16,11,18,16,7,29
  1,0,0,0,0,0,0,0,6,9,7,9,6,21,1,20
  0,0,0,0,0,0,0,0,0,9,11,5,14,11,5,15
  3,0,0,0,0,0,0,0,0,6,7,12,3,8,0,17
  0,0,0,5,0,0,3,0,0,4,12,10,22,12,5,24
  3,0,0,4,0,0,0,0,2,6,12,19,7,15,2,25
  2,0,0,0,0,0,0,0,7,3,12,6,7,14,1,21
  0,0,0,0,0,0,0,0,5,3,9,3,7,11,0,19
  3,0,0,0,0,0,0,0,0,6,12,1,7,9,0,18
  0,0,0,0,0,0,0,0,0,0,9,0,6,9,0,13
  0,0,0,0,0,0,0,0,0,0,3,0,0,0,0,7
  0,0,0,0,0,0,0,0,0,0,0,0,3,0,0,16

.
  18,10,8,6,0,6,4,0,0,24,16,0,0,6,22,26
  18,15,25,21,18,15,12,12,34,17,24,1,2,28,0,42
  14,15,10,19,14,11,10,0,15,30,33,15,24,10,0,52
  1,0,0,1,0,0,0,0,0,24,24,25,0,2,0,34
  0,0,0,14,0,0,0,0,0,17,31,6,3,12,0,41
  6,0,0,0,0,0,0,0,0,17,12,3,2,6,14,16
  1,0,0,0,0,0,0,0,0,6,7,2,0,16,0,14
  3,0,0,0,0,0,0,0,0,0,6,0,15,5,0,14
  5,0,0,5,0,0,0,0,0,0,6,16,1,4,0,20
  0,0,0,4,0,0,4,0,0,3,28,0,7,14,2,25
  5,0,0,7,0,0,0,0,0,1,12,4,7,13,0,19
  1,0,0,0,0,0,0,0,0,3,9,2,7,9,0,16
  4,0,0,0,0,0,0,0,0,3,12,1,7,9,0,16
  0,0,0,0,0,0,0,0,0,0,6,0,3,6,0,12
  0,0,0,0,0,0,0,0,0,0,0,0,0,0,0,4
  0,0,0,0,0,0,0,0,0,0,0,0,3,0,0,14

.
  18,9,4,6,0,3,4,0,4,30,24,0,7,9,28,26
  18,15,25,19,16,15,13,14,34,19,24,0,5,4,9,39
  16,15,23,24,16,11,14,0,13,33,35,7,32,5,0,59
  1,0,1,1,0,0,0,0,0,28,31,27,0,0,3,37
  0,0,0,10,0,0,0,0,0,9,25,3,1,4,3,34
  7,0,0,0,0,0,0,0,0,17,11,4,5,4,13,16
  1,0,0,0,0,0,0,0,0,3,7,0,0,16,0,12
  4,0,0,0,0,0,0,0,0,0,3,0,15,1,0,12
  6,0,0,0,0,0,0,0,0,3,7,18,6,9,3,16
  4,0,0,0,0,0,1,0,0,3,7,3,24,14,1,25
  6,0,0,0,0,0,0,0,4,3,12,4,7,11,0,19
  3,0,0,0,0,0,0,0,0,0,7,0,6,4,0,13
  3,0,0,0,0,0,0,0,0,3,7,0,7,6,0,13
  0,0,0,0,0,0,1,0,0,0,6,0,3,6,0,12
  0,0,0,0,0,0,0,0,0,0,0,0,0,0,0,9
  0,0,0,0,0,0,0,0,0,0,0,0,1,0,0,13

.
  18,12,9,7,0,7,6,0,7,31,24,0,14,9,32,30
  16,12,23,23,18,19,16,12,30,15,22,0,6,4,17,39
  19,18,14,26,19,15,14,0,16,35,35,0,32,0,0,52
  3,0,5,6,5,1,0,1,1,31,31,27,0,0,4,42
  0,0,0,14,0,0,3,0,0,12,24,0,1,4,3,33
  7,0,0,0,0,0,0,0,0,17,7,4,8,6,16,20
  3,0,0,0,0,0,0,0,3,6,7,2,3,16,0,12
  6,0,0,0,0,0,3,0,0,0,3,0,15,1,0,9
  3,0,0,5,0,0,0,0,0,3,7,15,3,9,8,15
  7,3,0,0,0,0,1,0,0,6,12,2,22,9,0,20
  7,0,0,2,0,0,1,0,0,0,7,0,7,8,0,16
  1,0,0,0,0,0,0,0,0,0,7,0,4,4,0,12
  4,0,0,0,0,0,1,0,0,0,7,0,6,4,0,10
  0,0,0,4,0,0,1,0,0,0,4,0,3,0,0,7
  0,0,0,0,0,0,0,0,0,0,0,0,0,0,0,0
  0,0,0,0,0,0,0,0,0,0,0,0,3,0,0,11

.
  16,10,6,3,0,6,4,0,0,19,14,0,0,1,25,22
  15,11,18,13,12,10,7,4,27,9,14,0,2,16,7,31
  19,18,23,24,7,15,14,11,9,39,25,0,0,0,37,44
  6,8,5,0,9,3,1,1,21,25,28,0,0,21,4,44
  7,0,0,14,0,0,0,0,0,12,12,0,16,8,7,29
  6,0,0,0,0,0,0,0,0,7,7,13,6,6,1,18
  0,0,0,0,0,0,0,0,0,4,19,0,4,9,3,27
  7,0,0,0,0,0,3,0,0,16,3,0,3,6,9,14
  7,0,0,0,0,0,5,0,16,6,9,8,9,24,1,24
  0,3,0,0,0,0,3,0,0,24,12,3,7,15,0,27
  7,0,0,0,0,0,0,0,0,0,9,4,7,13,0,23
  1,0,0,0,0,0,0,0,0,0,7,0,6,6,0,18
  3,0,0,0,0,0,0,0,0,0,7,0,7,6,0,16
  0,0,0,2,0,0,1,0,0,0,4,0,3,4,0,12
  0,0,0,0,0,0,0,0,0,0,0,0,0,0,0,4
  0,0,0,0,0,0,0,0,0,0,0,0,3,0,0,14

.
  18,9,6,3,0,3,4,0,0,19,12,0,6,1,25,22
  15,8,17,11,10,6,7,3,23,9,14,0,2,19,11,22
  16,18,14,24,16,11,13,0,1,19,24,0,21,0,13,43
  6,0,6,8,7,1,0,1,0,24,28,29,0,0,9,44
  0,3,4,20,5,0,8,0,0,12,33,0,0,9,7,45
  6,0,0,0,0,0,0,0,0,11,7,3,6,9,18,16
  1,0,0,0,0,0,0,0,5,6,7,0,0,16,3,15
  6,0,0,0,0,0,2,0,0,1,7,0,15,6,0,12
  5,0,0,4,0,0,0,0,0,3,11,16,7,12,1,20
  0,3,0,0,0,0,1,0,0,0,12,0,20,15,0,25
  0,0,0,0,0,0,0,0,0,0,7,3,7,13,1,19
  1,0,0,0,0,0,0,0,0,0,9,0,7,9,0,15
  3,0,0,0,0,0,0,0,0,3,9,0,7,9,0,16
  0,0,0,2,0,0,0,0,0,0,4,0,6,4,0,12
  0,0,0,0,0,0,0,0,0,0,0,0,0,0,0,7
  0,0,0,0,0,0,0,0,0,0,0,0,3,0,0,9

.
  13,8,3,0,0,0,0,0,0,15,7,0,6,1,21,16
  13,9,17,11,8,6,3,0,14,7,9,0,2,16,7,22
  16,16,14,21,16,11,11,0,1,16,19,0,17,0,13,41
  5,0,6,10,7,1,0,4,0,24,24,32,0,0,6,42
  0,3,4,21,6,0,7,2,0,7,28,0,0,9,0,47
  3,0,0,0,0,0,0,0,0,15,11,4,6,11,13,18
  1,0,0,0,0,0,0,0,5,3,7,0,0,16,3,14
  4,0,0,0,0,0,3,0,0,0,4,0,12,5,0,11
  6,0,0,4,0,0,0,0,0,3,7,15,6,11,1,20
  0,3,0,0,0,0,5,0,0,3,28,2,7,15,1,22
  3,0,0,0,0,0,0,0,0,0,7,3,6,11,1,19
  1,0,0,0,0,0,0,0,0,0,7,0,3,8,0,13
  3,0,0,0,0,0,0,0,0,0,6,0,3,4,0,13
  0,0,0,0,0,0,1,0,0,0,3,0,3,4,0,12
  0,0,0,0,0,0,0,0,0,0,0,0,0,0,0,4
  0,0,0,0,0,0,0,0,0,0,0,0,0,0,0,12

.
  11,5,0,0,0,0,0,0,0,19,7,0,7,5,21,16
  7,8,16,10,7,3,5,4,23,0,6,0,2,16,3,16
  14,16,22,24,14,8,14,0,0,12,7,0,10,0,11,35
  8,13,12,1,12,6,10,8,27,24,24,11,0,36,3,47
  3,5,3,21,6,0,10,0,0,12,12,1,16,16,7,41
  7,0,0,0,0,0,0,0,0,3,3,16,2,9,1,16
  0,0,0,0,0,0,0,0,0,6,0,0,8,6,0,8
  3,0,0,0,0,0,0,0,0,0,0,5,0,1,0,6
  0,0,0,0,0,0,5,0,0,0,14,0,0,9,0,29
  3,3,0,0,0,0,1,0,0,14,1,0,0,12,0,19
  3,0,0,0,0,0,0,0,0,0,3,0,0,6,0,13
  3,0,0,0,0,0,0,0,0,0,0,0,0,4,0,12
  3,0,0,0,0,0,0,0,0,0,0,0,0,3,0,9
  0,0,0,0,0,0,0,0,0,0,0,0,0,0,0,7
  0,0,0,0,0,0,0,0,0,0,0,0,0,0,0,4
  0,0,0,0,0,0,0,0,0,0,0,0,0,0,0,11

.
  11,7,0,0,0,0,0,0,0,6,0,0,0,0,11,9
  0,8,12,23,3,0,7,0,0,0,7,0,0,4,0,22
  14,18,21,24,7,11,13,5,0,19,0,0,0,0,24,35
  8,13,12,1,10,1,6,0,8,14,3,1,0,24,0,42
  6,8,4,26,8,3,10,0,0,3,0,0,6,12,0,45
  3,0,0,1,0,0,0,0,0,0,0,11,0,4,0,21
  0,0,0,0,0,0,0,0,0,0,7,0,0,4,0,23
  3,0,0,0,0,0,0,0,0,7,0,0,0,1,9,12
  2,0,0,0,0,0,0,0,3,0,0,0,0,14,0,15
  1,3,0,0,0,0,0,0,0,0,0,0,14,7,0,20
  5,0,0,0,0,0,0,0,0,0,0,0,1,6,0,16
  1,1,0,0,0,0,0,0,0,0,0,0,0,4,0,12
  0,0,0,0,0,0,0,0,0,0,0,0,1,4,0,10
  0,0,0,0,0,0,0,0,0,0,0,0,0,1,0,7
  0,0,0,0,0,0,0,0,0,0,0,0,0,0,0,4
  0,0,0,0,0,0,0,0,0,0,0,0,0,0,0,12

.
  15,7,0,0,0,0,0,0,0,7,0,0,0,0,0,9
  0,4,8,13,0,0,0,0,0,0,1,0,0,0,0,16
  10,15,19,19,0,8,8,0,0,7,0,0,0,0,16,25
  3,12,12,0,9,1,1,0,0,1,0,0,0,12,0,33
  4,12,16,26,5,7,14,2,0,17,0,0,0,3,25,36
  3,4,1,0,0,0,0,0,0,0,0,0,0,9,0,20
  1,5,4,0,0,0,0,0,0,0,0,0,0,0,0,8
  3,0,0,0,0,0,0,0,0,0,0,0,0,5,0,5
  3,4,0,0,0,0,0,0,0,0,0,0,3,0,0,9
  1,0,0,0,0,0,0,0,0,0,0,0,0,0,0,9
  2,0,0,0,0,0,0,0,0,0,0,0,0,0,0,10
  1,4,0,0,0,0,0,0,0,0,0,0,0,0,0,5
  0,0,0,0,0,0,0,0,0,0,0,0,0,0,0,0
  0,0,0,0,0,0,0,0,0,0,0,0,0,0,0,0
  0,0,0,0,0,0,0,0,0,0,0,0,0,0,0,0
  0,1,0,0,0,0,0,0,0,0,0,0,0,0,0,4

.
  13,7,3,0,0,0,0,0,0,0,0,0,0,0,4,0
  0,6,10,5,7,5,0,1,3,0,0,0,0,4,0,5
  10,15,8,18,10,7,0,0,0,0,0,0,0,0,0,12
  3,0,11,13,9,1,0,2,0,0,0,8,0,0,0,24
  0,12,19,30,15,0,7,11,0,0,3,0,0,4,0,42
  1,4,6,6,0,0,0,0,0,0,0,0,0,0,9,9
  1,7,4,0,0,0,0,0,0,0,0,0,0,4,0,3
  3,4,0,3,0,0,0,0,0,0,0,0,0,0,0,0
  3,0,1,5,0,0,0,0,0,0,0,0,0,0,0,0
  3,7,0,0,0,0,0,0,0,0,0,0,0,0,0,5
  2,3,0,0,0,0,0,0,0,0,0,0,0,0,0,2
  0,4,0,0,0,0,0,0,0,0,0,0,0,0,0,0
  0,0,0,0,0,0,0,0,0,0,0,0,0,0,0,0
  0,0,0,0,0,0,0,0,0,0,0,0,0,0,0,0
  0,0,0,0,0,0,0,0,0,0,0,0,0,0,0,0
  0,1,2,0,0,0,4,0,0,0,0,0,0,0,0,4

.
  11,5,0,0,0,0,0,0,0,1,0,0,0,0,6,0
  2,1,8,3,3,0,0,3,0,0,0,0,0,0,0,8
  10,13,16,19,0,9,5,10,0,7,0,0,0,0,14,11
  8,12,13,1,9,0,0,4,0,3,0,0,0,21,0,25
  7,12,13,33,16,7,10,0,0,3,0,0,0,4,0,32
  6,4,6,0,1,1,0,5,0,0,0,0,0,12,0,16
  3,5,0,4,0,0,0,0,0,0,0,0,0,0,0,6
  3,0,0,0,0,0,0,0,0,0,0,0,0,0,0,0
  0,3,0,6,0,0,0,0,0,0,0,0,3,0,0,4
  3,0,0,3,0,0,0,0,0,0,0,0,0,3,0,5
  3,0,0,0,0,0,0,0,0,0,0,0,0,2,0,3
  4,0,0,3,0,0,0,0,0,0,0,0,0,0,0,3
  0,0,0,0,0,0,0,0,0,0,0,0,0,0,0,4
  0,0,0,0,0,0,0,0,0,0,0,0,0,0,0,2
  0,0,0,0,0,0,0,0,0,0,0,0,0,0,0,0
  0,0,0,0,0,0,0,0,0,0,0,0,0,0,0,12

.
  11,7,0,0,0,0,4,0,0,3,0,0,0,0,11,6
  2,8,12,11,8,10,2,4,6,0,0,0,0,6,0,7
  10,15,21,24,14,15,13,0,0,6,0,0,0,0,0,16
  6,0,13,13,9,6,1,7,0,15,0,18,0,8,0,25
  0,16,21,33,16,3,19,17,0,15,22,3,0,21,0,52
  0,4,6,10,0,3,3,5,0,17,0,0,0,12,19,24
  3,5,4,0,0,0,0,0,0,0,0,0,0,11,0,8
  1,0,0,0,0,0,0,0,0,0,0,0,3,0,0,5
  0,0,0,3,0,0,0,0,0,0,0,3,0,4,0,9
  0,7,0,4,0,0,1,0,0,0,7,0,0,6,0,16
  0,0,0,0,0,0,0,0,0,0,0,0,0,2,0,12
  1,1,0,1,0,0,0,0,0,0,0,0,0,0,0,12
  0,0,0,0,0,0,0,0,0,0,0,0,0,0,0,9
  0,0,0,0,0,0,0,0,0,0,0,0,0,0,0,7
  0,0,0,0,0,0,0,0,0,0,0,0,0,0,0,2
  0,0,0,0,0,0,4,0,0,0,0,0,0,0,0,16

.
  11,7,4,1,0,0,6,0,0,3,0,0,0,0,9,3
  6,8,12,11,10,11,7,9,6,0,0,0,0,6,0,7
  14,16,13,23,14,15,14,5,0,9,0,0,0,0,0,9
  6,0,8,8,7,3,0,7,0,7,0,11,0,2,0,16
  0,13,21,33,16,3,16,17,0,15,28,4,0,27,0,52
  1,5,9,15,0,7,11,16,0,25,0,0,2,21,27,29
  1,5,0,7,0,0,1,2,0,0,0,0,0,1,0,22
  3,3,0,3,0,0,0,0,0,0,0,0,0,0,2,4
  3,4,0,0,0,0,0,0,0,0,0,0,0,9,0,9
  3,7,0,4,0,0,1,0,0,0,0,0,0,0,0,9
  0,0,0,4,0,0,0,0,0,0,0,0,0,0,0,3
  0,3,0,4,0,0,0,0,0,0,0,0,0,0,0,4
  0,0,0,0,0,0,0,0,0,0,0,0,0,0,0,7
  0,0,0,0,0,0,0,0,0,0,0,0,0,0,0,5
  0,0,0,0,0,0,0,0,0,0,0,0,0,0,0,0
  0,0,0,0,0,0,4,0,0,0,0,0,0,0,0,12

.
  11,5,3,0,0,0,4,7,0,0,0,0,0,0,8,0
  5,9,15,16,12,15,10,21,5,0,0,0,0,4,0,0
  14,18,14,28,19,15,19,20,0,4,0,0,0,0,0,0
  1,0,8,6,5,1,0,13,0,0,0,6,0,0,0,7
  3,18,22,37,18,7,23,26,0,6,28,0,0,19,0,47
  7,12,18,20,0,14,22,25,0,24,0,0,2,21,26,24
  1,7,4,10,0,0,7,10,0,0,3,0,0,3,3,15
  3,0,0,0,0,0,2,0,0,0,0,0,0,0,0,0
  7,4,0,0,0,0,5,3,0,0,0,0,0,12,0,5
  3,3,0,0,0,0,1,0,0,0,0,0,0,0,0,5
  2,0,0,0,0,0,0,0,0,0,0,0,0,0,0,3
  4,4,0,1,0,0,0,0,0,0,0,0,0,0,0,3
  0,0,0,0,0,0,0,0,0,0,0,0,0,0,0,2
  0,0,0,0,0,0,1,0,0,0,0,0,0,0,0,2
  0,0,0,0,0,0,0,0,0,0,0,0,0,0,0,0
  0,1,2,0,0,0,8,0,0,0,0,0,0,0,0,11

.
  11,4,0,0,0,0,4,2,0,6,1,0,0,0,9,0
  11,11,18,19,16,16,16,28,6,0,0,0,0,9,0,0
  14,16,14,24,19,17,21,25,0,14,0,0,5,0,0,0
  6,0,8,9,5,3,0,13,0,3,0,6,0,5,0,12
  1,15,21,33,16,6,21,24,0,6,31,0,0,25,3,48
  9,12,18,20,13,14,11,27,0,7,1,22,2,27,0,29
  0,5,9,7,0,0,11,11,0,0,11,0,0,12,0,32
  3,0,0,0,0,0,3,1,0,7,0,0,0,3,4,5
  5,4,3,0,0,0,4,3,0,0,12,0,1,9,0,24
  0,3,0,0,0,0,3,0,0,7,0,0,1,7,0,12
  2,0,0,0,0,0,0,0,0,0,0,0,3,6,0,7
  1,0,0,0,0,0,0,0,0,0,0,0,1,4,0,5
  0,0,0,0,0,0,0,0,0,0,0,0,0,3,0,7
  0,0,0,0,0,0,0,0,0,0,0,0,0,0,0,3
  0,0,0,0,0,0,0,0,0,0,0,0,0,0,0,0
  0,1,5,0,0,0,9,0,0,0,0,0,0,0,0,14

.
  11,0,0,0,0,0,4,5,0,3,1,0,0,0,9,0
  15,15,25,28,20,23,21,35,6,0,4,0,0,11,0,0
  14,18,26,29,23,20,23,30,0,0,0,0,0,0,14,0
  6,4,5,0,5,1,1,13,0,0,0,0,0,12,0,1
  12,12,21,33,16,12,19,16,0,0,0,0,3,9,0,16
  12,3,19,22,13,14,12,29,0,0,0,12,0,14,0,20
  0,12,14,16,9,7,15,10,0,0,0,0,9,9,0,12
  3,0,0,0,0,0,0,4,0,0,0,0,0,0,0,0
  0,4,4,9,3,0,9,5,0,0,6,0,0,0,0,18
  3,3,0,3,0,0,4,2,0,0,0,0,0,4,0,5
  7,0,0,0,0,0,0,0,0,0,0,0,0,0,0,0
  4,4,0,1,0,0,0,0,0,0,0,0,0,0,0,2
  3,0,0,0,0,0,0,0,0,0,0,0,0,0,0,0
  0,0,0,0,0,0,0,0,0,0,0,0,0,0,0,0
  0,0,0,0,0,0,0,0,0,0,0,0,0,0,0,0
  0,0,2,0,0,0,7,0,0,0,0,0,0,0,0,9

.
  11,5,0,0,0,0,1,5,0,6,0,0,0,0,0,0
  0,15,25,39,18,6,21,32,0,0,9,0,0,0,0,14
  14,21,24,28,14,22,23,38,0,15,0,0,0,0,14,0
  3,5,5,0,5,1,3,13,0,0,0,0,0,12,0,7
  7,10,16,30,6,7,19,22,0,12,0,0,1,9,19,20
  12,16,22,12,14,12,23,29,0,0,6,0,14,32,0,20
  7,15,12,23,10,12,22,13,0,0,0,0,14,11,0,19
  3,0,0,3,0,0,0,8,0,0,0,0,0,13,0,5
  10,4,0,11,0,0,6,0,0,0,0,0,12,6,0,9
  1,0,0,0,0,0,0,0,0,0,0,2,0,7,0,6
  3,0,0,0,0,0,0,0,0,0,1,0,1,6,0,7
  1,0,0,0,0,0,0,0,0,0,0,0,0,0,0,2
  3,0,0,0,0,0,0,0,0,0,0,0,0,0,0,0
  0,0,0,0,0,0,0,0,0,0,0,0,0,0,0,0
  0,0,0,0,0,0,0,0,0,0,0,0,0,0,0,0
  0,1,2,0,0,0,6,0,0,0,0,0,0,0,0,8

.
  10,2,0,0,0,0,4,5,0,0,0,0,0,0,4,0
  0,11,21,32,13,0,16,29,0,0,6,0,0,0,0,7
  16,21,24,28,10,17,21,41,0,9,0,0,0,0,13,0
  1,4,5,0,7,1,1,15,0,0,0,0,0,15,0,7
  7,5,4,23,11,3,11,8,0,9,0,0,0,9,19,16
  12,16,18,10,13,9,20,29,0,0,0,0,21,28,0,20
  9,17,13,21,12,12,20,16,0,0,0,0,25,9,0,22
  4,0,2,0,0,0,0,8,0,0,0,0,0,1,0,3
  0,4,0,9,0,0,8,0,0,0,0,0,12,4,0,9
  1,0,0,0,0,0,0,0,0,0,0,2,0,3,0,6
  3,0,0,0,0,0,0,0,0,0,0,0,0,2,0,3
  4,1,0,0,0,0,0,0,0,0,0,0,0,0,0,0
  3,0,0,0,0,0,0,0,0,0,0,0,0,0,0,2
  0,0,0,0,0,0,0,0,0,0,0,0,0,0,0,0
  0,0,0,0,0,0,0,0,0,0,0,0,0,0,0,0
  0,0,2,0,0,0,8,0,0,0,0,0,0,0,0,12

.
  11,5,3,1,0,0,6,7,0,0,0,0,0,0,4,0
  11,15,21,18,16,19,16,30,0,0,0,0,0,6,0,0
  19,23,21,28,23,20,23,37,0,0,0,0,7,0,16,0
  1,4,5,0,5,1,1,17,0,0,0,0,0,8,0,1
  6,4,11,21,6,3,10,10,0,0,0,0,13,0,0,9
  14,4,22,19,13,12,9,32,0,0,0,17,14,4,0,12
  0,17,21,20,12,3,23,19,0,0,0,0,25,0,0,14
  1,0,3,1,0,3,0,15,0,0,0,2,0,1,0,5
  0,4,3,9,1,0,6,11,0,0,7,0,0,3,0,24
  3,3,0,0,0,0,0,0,0,0,0,0,0,3,0,3
  7,0,0,0,0,0,0,0,0,0,0,0,0,2,0,5
  0,0,0,0,0,0,0,0,0,0,0,0,0,0,0,3
  3,0,0,0,0,0,0,0,0,0,0,0,0,0,0,7
  0,0,0,0,0,0,0,0,0,0,0,0,0,0,0,2
  0,0,0,0,0,0,0,0,0,0,0,0,0,0,0,0
  0,1,3,0,0,0,7,0,0,0,0,0,0,0,0,14

.
  11,5,3,0,0,0,4,13,0,0,0,0,0,0,4,0
  0,12,21,34,13,0,16,32,0,0,6,0,0,0,0,7
  19,24,30,31,13,22,24,51,0,16,0,0,0,0,14,0
  1,7,6,0,5,0,5,20,0,0,0,0,0,12,0,0
  7,4,0,21,6,0,10,13,0,7,0,0,0,0,14,4
  12,13,18,9,10,7,22,35,0,0,0,0,8,19,0,7
  12,21,13,23,15,12,24,29,0,0,0,0,25,0,0,8
  3,0,7,9,0,4,7,24,0,0,0,10,6,1,0,3
  8,6,0,11,0,0,9,5,0,0,0,0,9,0,0,0
  1,0,0,0,0,0,0,0,0,0,0,0,0,1,0,0
  5,0,0,0,0,0,0,0,0,0,0,0,0,0,0,2
  4,0,0,0,0,0,0,0,0,0,0,0,0,0,0,0
  3,0,0,0,0,0,0,0,0,0,0,0,0,0,0,2
  0,0,0,0,0,0,0,0,0,0,0,0,0,0,0,0
  0,0,0,0,0,0,0,0,0,0,0,0,0,0,0,0
  0,1,5,0,0,0,8,0,0,0,0,0,0,0,0,12

.
  11,5,4,0,0,0,4,13,0,0,0,0,0,0,4,0
  11,14,23,26,13,19,20,33,0,0,0,0,0,6,0,0
  21,27,23,34,23,20,29,44,0,1,0,0,12,0,0,0
  1,0,6,10,0,1,0,21,0,0,0,8,0,0,0,0
  0,4,9,25,0,0,14,24,0,0,12,0,0,0,0,20
  12,12,13,18,0,6,20,32,0,12,0,0,5,0,5,7
  12,21,21,16,9,0,27,38,0,0,15,0,6,0,0,23
  12,12,12,16,0,8,23,32,0,9,0,0,12,0,0,3
  10,3,3,5,0,0,13,16,0,0,0,0,3,13,0,2
  1,0,0,0,0,0,0,0,0,0,0,0,9,7,0,0
  2,0,0,0,0,0,0,0,0,0,0,0,1,0,0,2
  1,0,0,0,0,0,0,0,0,0,0,0,1,0,0,3
  1,0,0,0,0,0,0,0,0,0,0,0,0,0,0,4
  0,0,0,0,0,0,0,0,0,0,0,0,0,0,0,0
  0,0,0,0,0,0,0,0,0,0,0,0,0,0,0,0
  0,1,3,1,0,0,7,0,0,0,0,0,0,0,0,9

.
  11,5,4,0,0,0,4,11,0,0,0,0,0,0,1,0
  13,14,20,19,13,13,18,30,0,0,0,0,0,4,0,0
  22,24,23,34,24,20,26,41,0,0,0,0,7,0,0,3
  1,0,8,10,0,0,6,20,0,0,0,0,0,8,0,0
  6,4,3,25,5,0,13,13,0,0,0,0,9,0,0,2
  12,0,16,20,1,3,7,29,0,0,0,20,0,0,0,2
  0,17,21,23,9,0,24,34,0,0,15,8,4,0,0,3
  9,2,12,19,4,4,10,32,0,0,0,27,7,0,0,5
  0,4,4,16,0,0,12,19,0,0,12,3,7,0,0,20
  1,0,0,0,0,0,0,0,0,0,0,0,0,0,0,0
  2,0,0,0,0,0,0,0,0,0,0,0,3,2,0,0
  1,0,0,0,0,0,0,0,0,0,0,0,0,0,0,0
  3,0,0,0,0,0,0,0,0,0,0,0,0,0,0,2
  0,0,0,0,0,0,0,0,0,0,0,0,0,0,0,0
  0,0,0,0,0,0,0,0,0,0,0,0,0,0,0,0
  0,1,2,0,0,0,8,0,0,0,0,0,0,0,0,9

.
  11,2,3,0,0,0,4,13,0,3,3,0,1,0,4,0
  13,11,21,18,7,10,16,32,0,0,3,0,0,0,0,0
  23,24,32,36,21,20,29,48,0,6,3,5,17,0,0,9
  3,0,8,10,0,0,0,25,0,0,6,19,0,0,0,0
  0,0,4,21,0,0,8,22,0,0,19,4,6,0,0,23
  12,7,10,4,0,0,0,30,0,0,3,28,11,3,0,4
  4,17,21,23,2,0,24,41,0,0,28,24,12,4,0,30
  12,12,12,16,0,4,22,36,0,15,0,27,15,1,9,11
  13,11,12,13,0,2,19,30,0,0,12,21,17,19,0,9
  3,0,0,0,0,0,0,0,0,0,0,0,15,1,0,0
  2,0,0,0,0,0,0,0,0,0,1,0,7,2,0,0
  0,0,0,0,0,0,0,0,0,0,0,0,7,3,0,0
  3,0,0,0,0,0,0,0,0,0,0,1,3,0,0,4
  0,0,0,0,0,0,0,0,0,0,0,0,3,0,0,0
  0,0,0,0,0,0,0,0,0,0,0,0,0,0,0,0
  0,0,2,0,0,0,4,0,0,0,0,0,6,0,0,9

.
  10,2,0,0,0,0,1,16,0,1,3,0,0,0,4,0
  11,14,21,34,10,6,20,36,0,0,3,0,0,9,0,0
  23,27,23,36,23,15,31,57,0,7,7,7,17,0,0,5
  3,0,5,6,0,0,0,26,0,0,7,22,0,0,0,0
  0,0,4,21,0,0,13,27,0,0,22,9,5,4,0,23
  7,6,10,10,0,0,15,32,0,14,7,16,13,6,9,9
  9,15,16,7,0,0,20,40,0,0,6,21,12,25,0,3
  9,12,13,14,0,0,23,36,0,0,0,34,31,0,0,6
  13,4,16,19,0,4,24,43,0,0,12,21,17,28,0,4
  3,0,0,0,0,0,0,0,0,0,0,0,19,3,0,0
  0,0,0,0,0,0,0,0,0,0,1,0,9,5,0,0
  0,0,0,0,0,0,0,1,0,0,0,0,9,3,0,0
  3,0,0,0,0,0,0,3,0,0,0,0,7,0,0,0
  0,0,0,0,0,0,0,4,0,0,0,0,3,0,0,0
  0,0,0,0,0,0,0,0,0,0,0,0,0,0,0,0
  0,0,5,0,0,0,4,4,0,0,0,0,3,0,0,6

.
  11,4,0,0,0,0,4,22,0,3,3,0,0,0,4,0
  0,9,16,23,0,0,16,35,0,0,9,0,6,0,0,0
  23,26,34,34,6,15,31,73,0,28,12,15,4,0,18,5
  1,4,5,0,0,0,3,31,0,6,12,8,2,12,0,0
  3,2,4,17,0,0,8,25,0,3,7,14,24,0,0,4
  7,0,6,7,0,0,0,37,0,0,11,30,14,4,0,4
  0,12,16,13,0,0,15,46,0,0,25,17,16,0,0,14
  12,13,13,13,0,3,23,59,0,19,3,36,17,0,4,5
  14,19,21,20,0,7,28,62,7,0,19,32,25,28,0,4
  1,0,0,0,0,0,3,11,0,0,1,3,25,0,0,0
  0,0,0,0,0,0,0,7,0,0,3,3,15,0,0,0
  0,0,0,0,0,0,0,6,0,0,1,0,12,0,0,0
  0,0,0,0,0,0,0,7,0,0,3,0,9,0,0,0
  0,0,0,0,0,0,0,7,0,0,0,0,7,0,0,0
  0,0,0,0,0,0,0,1,0,0,0,0,4,0,0,0
  0,0,0,0,0,0,0,0,0,0,0,0,6,0,0,4

